Review              2001ATK/BAU1-56               1    200       350       2.65012e+12    0.0       -364.2685           8.99782e+12    2    0    0    0    0    0    1    0    0    0    0    25   
0                   1997DEM/SAN1-266              1    200       300       3.37288e+12    0.0       -269.2942           8.32646e+12    2    0    0    0    0    0    1    0    0    0    0    25   
0                   1997ATK/BAU521-1011           1    240       530       3.37288e+12    0.0       -310.1692           9.55059e+12    2    0    0    0    0    0    1    0    0    0    0    25   
0                   1994DEM/SAN                   1    200       300       3.60778e+12    0.0       -250.0589           8.34962e+12    2    0    0    0    0    0    1    0    0    0    0    25   
0                   1992ATK/BAU1125-1568          1    240       530       3.37288e+12    0.0       -310.1692           9.55059e+12    2    0    0    0    0    0    1    0    0    0    0    25   
0                   1989ATK/BAU881-1097           1    240       530       3.37288e+12    0.0       -310.1692           9.55059e+12    2    0    0    0    0    0    1    0    0    0    0    25   
0                   1984WAR197C                   1    300       2000      9.99818e+12    0.0       0.0                 0.00000e+00    2    0    0    0    0    0    1    0    0    0    0    0    
Experiment          1995TYN/STA1009-1020          1    298       0         8.73335e+12    0.0       0.0                 8.73335e+12    2    0    0    0    0    0    1    0    0    0    0    0    
0                   1976COX/DER2061               1    296       0         1.21062e+13    0.0       0.0                 0.00000e+00    2    0    0    0    0    0    1    0    0    0    0    0    
Theory              2012CAS/IUG316-324            1    298       0         7.16737e+12    0.0       0.0                 7.16737e+12    2    0    0    0    0    0    1    0    0    0    0    0    
0                   1996TAY/RAH497-504            1    295       600       2.00288e+06    1.8       -654.0001           5.10929e+11    2    0    0    0    0    0    1    0    0    0    0    25   
fit                 fit                           1    300       2500      2.70912e+04    2.0       -2132.2846          0.00000e+00    2    0    0    0    0    0    1    0    0    0    0    0    
Compare             taotao                        1    300       2500      1.68500e+13    0.0       -311.5249           0.00000e+00    2    0    0    0    0    0    1    0    0    0    0    0    
0                   henry                         1    300       2500      2.80000e+12    0.0       -356.8193           0.00000e+00    2    0    0    0    0    0    1    0    0    0    0    0    
