[array([ 296.,  300.,  400.,  500.,  600.,  700.,  800.,  900., 1000.,
       1100., 1200., 1300., 1400., 1500., 1600., 1700., 1800.]), array([ 296.,  300.,  400.,  500.,  600.,  700.,  800.,  900., 1000.,
       1100., 1200., 1300., 1400., 1500., 1600., 1700., 1800., 1900.,
       2000.]), array([296., 300., 350., 400., 450., 500., 550., 600., 650., 700., 750.,
       800., 850., 900., 906.]), array([296., 300., 325., 350., 375., 400., 425., 450., 475., 500., 525.,
       550., 575., 577.]), array([ 450.,  500.,  550.,  600.,  650.,  700.,  750.,  800.,  850.,
        900.,  950., 1000., 1050., 1100., 1150., 1200., 1250., 1300.,
       1350.]), array([ 450.,  500.,  550.,  600.,  650.,  700.,  750.,  800.,  850.,
        900.,  950., 1000., 1050., 1100., 1150., 1200., 1250., 1300.,
       1350.]), array([ 300.,  400.,  500.,  600.,  700.,  800.,  900., 1000., 1100.,
       1200., 1300., 1400., 1500., 1600., 1700., 1800., 1900., 2000.,
       2100., 2200., 2300., 2400., 2500.]), array([ 300.,  400.,  500.,  600.,  700.,  800.,  900., 1000., 1100.,
       1200., 1300., 1400., 1500., 1600., 1700., 1800., 1900., 2000.,
       2100., 2200., 2300., 2400., 2500.])]