Review              1992BAU/COB411-429            1    300       2500      8.43220e+13    0.0       0.0                 0.00000e+00    2    0    0    0    0    0    1    0    0    0    0    0    
0                   1992ATK/BAU1125-1568          1    200       900       8.43220e+13    0.0       0.0                 8.43220e+13    2    0    0    0    0    0    1    0    0    0    0    0    
0                   1989ATK/BAU881-1097           1    200       900       8.43220e+13    0.0       0.0                 8.43220e+13    2    0    0    0    0    0    1    0    0    0    0    0    
0                   1988HER967                    1    300       2000      8.37197e+13    0.0       0.0                 0.00000e+00    2    0    0    0    0    0    1    0    0    0    0    0    
0                   1986TSA/HAM1087               1    300       2500      7.82990e+13    0.0       0.0                 0.00000e+00    2    0    0    0    0    0    1    0    0    0    0    0    
0                   1984WAR197C                   1    300       2500      6.98668e+13    0.0       0.0                 0.00000e+00    2    0    0    0    0    0    1    0    0    0    0    0    
Experiment          1992SEA/LEO4478-4485          0    298       0         5.66162e+13    0.0       0.0                 5.66162e+13    2    0    0    0    0    0    1    0    0    0    0    0    
0                   1988ZEL/HAR549                1    298       0         6.62530e+13    0.0       0.0                 6.62530e+13    2    0    0    0    0    0    1    0    0    0    0    0    
0                   1987SLA/SAR4375               1    294       900       8.43220e+13    0.0       0.0                 8.43220e+13    2    0    0    0    0    0    1    0    0    0    0    0    
0                   1987DEA/WES207                1    300       2500      8.93201e+13    -0.03     18.0331             0.00000e+00    2    0    0    0    0    0    1    0    0    0    0    100  
0                   1982PLU/RYA861                1    295       0         6.86622e+13    0.0       0.0                 0.00000e+00    2    0    0    0    0    0    1    0    0    0    0    0    
0                   1980WAS1665                   1    298       0         8.31174e+13    0.0       0.0                 8.31174e+13    2    0    0    0    0    0    1    0    0    0    0    0    
0                   1980BHA/FRA503                1    1700      2300      8.49243e+13    0.0       0.0                 0.00000e+00    2    0    0    0    0    0    1    0    0    0    0    0    
0                   1979WAS271                    1    298       0         8.31174e+13    0.0       0.0                 8.31174e+13    2    0    0    0    0    0    1    0    0    0    0    0    
0                   1976WAS/BAY777                1    259       341       6.02300e+13    0.0       0.0                 6.02300e+13    2    0    0    0    0    0    1    0    0    0    0    0    
0                   1976BIO/LAZ57                 1    1550      1750      8.19128e+13    0.0       0.0                 0.00000e+00    2    0    0    0    0    0    1    0    0    0    0    0    
0                   1975BOW869                    0    1900      2400      9.99818e+13    0.0       0.0                 0.00000e+00    2    0    0    0    0    0    1    0    0    0    0    0    
0                   1975BIO/LAZ917                0    1550      1720      1.04800e+14    0.0       0.0                 0.00000e+00    2    0    0    0    0    0    1    0    0    0    0    0    
0                   1974SLA/PRU111                0    300       0         1.10823e+14    0.0       0.0                 0.00000e+00    2    0    0    0    0    0    1    0    0    0    0    0    
0                   1973WAS/BAY373                1    297       0         7.40829e+13    0.0       0.0                 0.00000e+00    2    0    0    0    0    0    1    0    0    0    0    0    
0                   1973PEE/MAH133                0    1100      1900      1.30097e+14    0.0       1009.8532           0.00000e+00    2    0    0    0    0    0    1    0    0    0    0    50   
0                   1973MOR/NIK47                 0    298       0         1.81292e+13    0.0       0.0                 1.81292e+13    2    0    0    0    0    0    1    0    0    0    0    0    
0                   1971DEA/KIS1718               1    1750      2580      6.02300e+13    0.0       0.0                 0.00000e+00    2    0    0    0    0    0    1    0    0    0    0    0    
0                   1971CLA/IZO4644               0    1350      0         2.52966e+13    0.0       0.0                 0.00000e+00    2    0    0    0    0    0    1    0    0    0    0    0    
0                   1970DEA/KIS1718-1725          1    1750      2580      6.02300e+13    0.0       0.0                 0.00000e+00    2    0    0    0    0    0    1    0    0    0    0    0    
0                   1969NIK/DAB277-288            0    300       0         1.81292e+14    0.0       0.0                 0.00000e+00    2    0    0    0    0    0    1    0    0    0    0    0    
Theory              1976TSU159                    1    1500      2000      6.02300e+13    0.0       0.0                 0.00000e+00    2    0    0    0    0    0    1    0    0    0    0    0    
0                   1968NIK/DAB5729-5730          0    300       0         1.81292e+13    0.0       0.0                 0.00000e+00    2    0    0    0    0    0    1    0    0    0    0    0    
fit                 fit                           1    300       2500      1.07194e+15    -0.35     210.9947            0.00000e+00    2    0    0    0    0    0    1    0    0    0    0    0    
Compare             NPU                           1    300       2500      4.43500e+14    -0.233    124.33              0.00000e+00    2    0    0    0    0    0    1    0    0    0    0    0
0                   taotao                        1    300       2500      5.54000e+13    0.05      -68.4449            0.00000e+00    2    0    0    0    0    0    1    0    0    0    0    0    
0                   henry                         1    300       2500      5.54000e+13    0.05      -68.4449            0.00000e+00    2    0    0    0    0    0    1    0    0    0    0    0    
