  point#   Temperature_K   1000K_per_T    10000K_per_T      log10T     f_recommended  central_log10k minimal_log10k maximal_log10k   f_downward      f_upward   
         1    300.000        3.33333        33.3333        2.47712       0.513000        5.98664        5.47364        6.49964       0.513000       0.513000    
         2    400.000        2.50000        25.0000        2.60206       0.280500        8.33303        8.05253        8.61353       0.280500       0.280500    
         3    500.000        2.00000        20.0000        2.69897       0.321189        9.69697        9.37578        10.0182       0.321189       0.321189    
         4    600.000        1.66667        16.6667        2.77815       0.319166        10.5771        10.2579        10.8963       0.319166       0.319166    
         5    700.000        1.42857        14.2857        2.84510       0.296943        11.1850        10.8881        11.4820       0.296943       0.296943    
         6    800.000        1.25000        12.5000        2.90309       0.264713        11.6254        11.3607        11.8901       0.264713       0.264713    
         7    900.000        1.11111        11.1111        2.95424       0.227549        11.9558        11.7282        12.1833       0.227549       0.227549    
         8    1000.00        1.00000        10.0000        3.00000       0.188147        12.2104        12.0223        12.3986       0.188147       0.188147    
         9    1100.00       0.909091        9.09091        3.04139       0.148000        12.4109        12.2629        12.5589       0.148000       0.148000    
        10    1200.00       0.833333        8.33333        3.07918       0.202141        12.5713        12.3692        12.7735       0.202141       0.202141    
        11    1300.00       0.769231        7.69231        3.11394       0.253526        12.7015        12.4480        12.9550       0.253526       0.253526    
        12    1400.00       0.714286        7.14286        3.14613       0.302348        12.8083        12.5060        13.1107       0.302348       0.302348    
        13    1500.00       0.666667        6.66667        3.17609       0.348801        12.8967        12.5479        13.2455       0.348801       0.348801    
        14    1600.00       0.625000        6.25000        3.20412       0.393068        12.9705        12.5774        13.3636       0.393068       0.393068    
        15    1700.00       0.588235        5.88235        3.23045       0.435323        13.0324        12.5971        13.4677       0.435323       0.435323    
        16    1800.00       0.555556        5.55556        3.25527       0.475723        13.0846        12.6088        13.5603       0.475723       0.475723    
        17    1900.00       0.526316        5.26316        3.27875       0.514411        13.1287        12.6143        13.6431       0.514411       0.514411    
        18    2000.00       0.500000        5.00000        3.30103       0.551518        13.1661        12.6146        13.7176       0.551518       0.551518    
        19    2100.00       0.476190        4.76190        3.32222       0.587159        13.1979        12.6108        13.7851       0.587159       0.587159    
        20    2200.00       0.454545        4.54545        3.34242       0.621441        13.2250        12.6035        13.8464       0.621441       0.621441    
        21    2300.00       0.434783        4.34783        3.36173       0.654460        13.2479        12.5935        13.9024       0.654460       0.654460    
        22    2400.00       0.416667        4.16667        3.38021       0.686300        13.2674        12.5811        13.9537       0.686300       0.686300    
        23    2500.00       0.400000        4.00000        3.39794       0.717042        13.2839        12.5668        14.0009       0.717042       0.717042    
