        T_K     1000KpT     log10k0   log10k0-f   log10k0+f   log10kmin   log10kmax log10kx_001 log10kx_002 log10kx_003 log10kx_004 log10kx_005 log10kx_006 log10kx_007 log10kx_008 log10kx_009 log10kx_010 log10kx_011 log10kx_012
 300.00      3.3333      5.9866      5.4736      6.4996      5.4736      6.4996      5.4736      5.4736      6.4996      6.4996      5.4736      5.4736      6.4996      6.4996      5.8471      5.6921      6.2812      6.1262     
 400.00      2.5000      8.3330      8.0525      8.6135      8.0525      8.6135      8.0525      8.0525      8.6135      8.6135      8.0836      8.1853      8.4808      8.5825      8.0525      8.0525      8.6135      8.6135     
 500.00      2.0000      9.6970      9.2899      10.104      9.3758      10.018      9.5219      9.5543      9.8396      9.8720      9.5617      9.7245      9.6694      9.8322      9.3758      9.4688      9.9251      10.018     
 600.00      1.6667      10.577      10.092      11.063      10.258      10.896      10.450      10.525      10.629      10.704      10.489      10.692      10.462      10.665      10.258      10.413      10.741      10.896     
 700.00      1.4286      11.185      10.710      11.660      10.888      11.482      11.076      11.197      11.173      11.294      11.110      11.342      11.028      11.260      10.888      11.087      11.283      11.482     
 800.00      1.2500      11.625      11.208      12.043      11.361      11.890      11.517      11.685      11.566      11.733      11.544      11.798      11.452      11.707      11.361      11.593      11.658      11.890     
 900.00      1.1111      11.956      11.622      12.290      11.728      12.183      11.840      12.052      11.860      12.072      11.858      12.129      11.783      12.054      11.728      11.987      11.925      12.183     
 1000.0      1.0000      12.210      11.974      12.447      12.022      12.399      12.080      12.335      12.086      12.341      12.089      12.374      12.047      12.332      12.022      12.301      12.119      12.399     
 1100.0     0.90909      12.411      12.263      12.559      12.263      12.559      12.263      12.559      12.263      12.559      12.263      12.559      12.263      12.559      12.263      12.559      12.263      12.559     
 1200.0     0.83333      12.571      12.309      12.834      12.369      12.773      12.403      12.738      12.404      12.739      12.394      12.700      12.443      12.748      12.463      12.773      12.369      12.679     
 1300.0     0.76923      12.702      12.324      13.079      12.448      12.955      12.513      12.885      12.518      12.890      12.495      12.808      12.595      12.908      12.633      12.955      12.448      12.770     
 1400.0     0.71429      12.808      12.316      13.301      12.506      13.111      12.598      13.005      12.612      13.019      12.571      12.891      12.726      13.046      12.778      13.111      12.506      12.838     
 1500.0     0.66667      12.897      12.292      13.502      12.548      13.246      12.664      13.105      12.689      13.130      12.629      12.954      12.839      13.165      12.904      13.246      12.548      12.889     
 1600.0     0.62500      12.971      12.254      13.687      12.577      13.364      12.715      13.189      12.752      13.226      12.672      13.003      12.938      13.269      13.015      13.364      12.577      12.926     
 1700.0     0.58824      13.032      12.208      13.857      12.597      13.468      12.755      13.259      12.806      13.309      12.704      13.039      13.026      13.361      13.112      13.468      12.597      12.953     
 1800.0     0.55556      13.085      12.154      14.015      12.609      13.560      12.786      13.319      12.850      13.383      12.727      13.066      13.103      13.443      13.198      13.560      12.609      12.971     
 1900.0     0.52632      13.129      12.096      14.162      12.614      13.643      12.808      13.370      12.888      13.449      12.742      13.085      13.173      13.516      13.276      13.643      12.614      12.981     
 2000.0     0.50000      13.166      12.032      14.300      12.615      13.718      12.825      13.413      12.919      13.507      12.751      13.097      13.235      13.581      13.346      13.718      12.615      12.987     
 2100.0     0.47619      13.198      11.967      14.429      12.611      13.785      12.836      13.450      12.946      13.560      12.755      13.104      13.292      13.641      13.409      13.785      12.611      12.987     
 2200.0     0.45455      13.225      11.899      14.551      12.604      13.846      12.843      13.482      12.968      13.607      12.755      13.106      13.343      13.695      13.466      13.846      12.604      12.984     
 2300.0     0.43478      13.248      11.829      14.667      12.593      13.902      12.846      13.509      12.987      13.650      12.751      13.105      13.390      13.744      13.518      13.902      12.593      12.978     
 2400.0     0.41667      13.267      11.759      14.775      12.581      13.954      12.846      13.532      13.002      13.689      12.745      13.101      13.434      13.790      13.566      13.954      12.581      12.969     
 2500.0     0.40000      13.284      11.688      14.880      12.567      14.001      12.843      13.552      13.015      13.724      12.736      13.095      13.473      13.831      13.610      14.001      12.567      12.958     
