  point#   Temperature_K   1000K_per_T    10000K_per_T      log10T       f_initial    central_log10k minimal_log10k maximal_log10k
         1    300.000        3.33333        33.3333        2.47712       0.513000        5.98664        5.47364        6.49964    
         2    400.000        2.50000        25.0000        2.60206       0.280500        8.33303        8.05253        8.61353    
         3    500.000        2.00000        20.0000        2.69897       0.407100        9.69697        9.28987        10.1041    
         4    600.000        1.66667        16.6667        2.77815       0.485500        10.5771        10.0916        11.0626    
         5    700.000        1.42857        14.2857        2.84510       0.475100        11.1850        10.7099        11.6601    
         6    800.000        1.25000        12.5000        2.90309       0.417500        11.6254        11.2079        12.0429    
         7    900.000        1.11111        11.1111        2.95424       0.334100        11.9558        11.6217        12.2899    
         8    1000.00        1.00000        10.0000        3.00000       0.236400        12.2104        11.9740        12.4468    
         9    1100.00       0.909091        9.09091        3.04139       0.148000        12.4109        12.2629        12.5589    
        10    1200.00       0.833333        8.33333        3.07918       0.262400        12.5713        12.3089        12.8337    
        11    1300.00       0.769231        7.69231        3.11394       0.377600        12.7015        12.3239        13.0791    
        12    1400.00       0.714286        7.14286        3.14613       0.492200        12.8083        12.3161        13.3005    
        13    1500.00       0.666667        6.66667        3.17609       0.605200        12.8967        12.2915        13.5019    
        14    1600.00       0.625000        6.25000        3.20412       0.716100        12.9705        12.2544        13.6866    
        15    1700.00       0.588235        5.88235        3.23045       0.824500        13.0324        12.2079        13.8569    
        16    1800.00       0.555556        5.55556        3.25527       0.930200        13.0846        12.1544        14.0148    
        17    1900.00       0.526316        5.26316        3.27875        1.03300        13.1287        12.0957        14.1617    
        18    2000.00       0.500000        5.00000        3.30103        1.13400        13.1661        12.0321        14.3001    
        19    2100.00       0.476190        4.76190        3.32222        1.23100        13.1979        11.9669        14.4289    
        20    2200.00       0.454545        4.54545        3.34242        1.32600        13.2250        11.8990        14.5510    
        21    2300.00       0.434783        4.34783        3.36173        1.41900        13.2479        11.8289        14.6669    
        22    2400.00       0.416667        4.16667        3.38021        1.50800        13.2674        11.7594        14.7754    
        23    2500.00       0.400000        4.00000        3.39794        1.59600        13.2839        11.6879        14.8799    
