Review		2016VAR/OLM407-422		1	800		2500	3.60E+11	2.11	-817.5001761	0				2	0	0	0	0	0	1	0	0	0	0
0			2004ATK/BAU1461-1738	1	245		300		3.37E+12	0		0				3.37288E+12		2	0	0	0	0	0	1	0	0	0	0
0			2004ATK/BAU1461-1738	1	298		0		3.37E+12	0		0				3.37288E+12		2	0	0	0	0	0	1	0	0	0	0
0			1997ATK/BAU1329-1499	1	245		300		3.37E+12	0		0				3.37288E+12		2	0	0	0	0	0	1	0	0	0	0
0			1992BAU/COB411-429		1	300		1000	4.28E+13	0		709.3016234		0				2	0	0	0	0	0	1	0	0	0	0
0			1992ATK/BAU1125-1568	1	245		300		3.37E+12	0		0				3.37288E+12		2	0	0	0	0	0	1	0	0	0	0
0			1989ATK/BAU881-1097		1	245		300		3.37E+12	0		0				3.37288E+12		2	0	0	0	0	0	1	0	0	0	0
0			1986TSA/HAM1087			1	300		2500	6.63E+13	0		1069.963466		0				2	0	0	0	0	0	1	0	0	0	0
0			1984WAR197C				1	300		1000	2.50E+13	0		348.639781		0				2	0	0	0	0	0	1	0	0	0	0
0			1983PRA/WOO2597			1	231		464		1.02E+12	0		-199.5662195	1.98857E+12		2	0	0	0	0	0	1	0	0	0	0
0			1974LLO169-228			1	300		1000	2.50E+13	0		352.2463994		0				2	0	0	0	0	0	1	0	0	0	0
0			2001ATK/BAU1-56			1	245		300		3.37E+12	0		0				3.37288E+12		2	0	0	0	0	0	1	0	0	0	0
Experiment	1982SRI/QIU4569			1	296		0		4.04E+12	0		0				0				2	0	0	0	0	0	1	0	0	0	0
Theory		2007MOU/SAH1901-1913	1	200		3000	3.35E+12	1.72	-581.8677724	2.35983E+13		2	0	0	0	0	0	1	0	0	0	0
0			2007MOU/SAH1901-1913	1	200		3000	1.60E+12	1.77	-286.1250616	4.18488E+12		2	0	0	0	0	0	1	0	0	0	0
0			1999KAR/OSH11918-11927	1	298		1000	8.97E+12	0.47	229.621373		4.15295E+12		2	0	0	0	0	0	1	0	0	0	0
0			1979BAL/WAL525			1	773		0		2.80E+13	0		0				0				2	0	0	0	0	0	1	0	0	0	0
0			1979BAL/WAL140			1	370		773		2.80E+13	0		0				0				2	0	0	0	0	0	1	0	0	0	0
0			1977SHA929				1	250		2000	8.19E+12	0.75	0				8.19128E+12		2	0	0	0	0	0	1	0	0	0	0
recommend	recommend				1	298		2300	4.15E+12	1.3		-120.2206141	6.21208E+12		2	0	0	0	0	0	1	0	0	0	0
