Review              2016VAR/OLM407-422            0    800       2500      2.16729e+06    2.11      -817.5001761289868  0.00000e+00    2    0    0    0    0    0    1    0    0    0    0    0
0                   2004ATK/BAU1461-1738          0    245       300       3.37288e+12    0.0       0.0                 3.37288e+12    2    0    0    0    0    0    1    0    0    0    0    0
0                   2004ATK/BAU1461-1738          0    298       0         3.37288e+12    0.0       0.0                 3.37288e+12    2    0    0    0    0    0    1    0    0    0    0    0
0                   1997ATK/BAU1329-1499          0    245       300       3.37288e+12    0.0       0.0                 3.37288e+12    2    0    0    0    0    0    1    0    0    0    0    0
0                   1992BAU/COB411-429            0    300       1000      4.28235e+13    0.0       709.3016234060328   0.00000e+00    2    0    0    0    0    0    1    0    0    0    0    0
0                   1992ATK/BAU1125-1568          0    245       300       3.37288e+12    0.0       0.0                 3.37288e+12    2    0    0    0    0    0    1    0    0    0    0    0
0                   1989ATK/BAU881-1097           0    245       300       3.37288e+12    0.0       0.0                 3.37288e+12    2    0    0    0    0    0    1    0    0    0    0    0
0                   1986TSA/HAM1087               0    300       2500      6.62530e+13    0.0       1069.9634658158798  0.00000e+00    2    0    0    0    0    0    1    0    0    0    0    0
0                   1984WAR197C                   0    300       1000      2.49954e+13    0.0       348.63978099618555  0.00000e+00    2    0    0    0    0    0    1    0    0    0    0    0
0                   1983PRA/WOO2597               0    231       464       1.01789e+12    0.0       -199.5662194667821  1.98857e+12    2    0    0    0    0    0    1    0    0    0    0    0
0                   1974LLO169-228                0    300       1000      2.49954e+13    0.0       352.2463994202841   0.00000e+00    2    0    0    0    0    0    1    0    0    0    0    0
Experiment          1982SRI/QIU4569               1    296       0         4.04143e+12    0.0       0.0                 0.00000e+00    2    0    0    0    0    0    1    0    0    0    0    0
reverse             2000MIC/SUT1471-1478          1    1662      2097      3.06500e+13    -0.2974   -4797.030699547056  5.51593e+19    2    0    0    0    0    0    1    0    0    0    0    25
reverse             1989KOI2480-2484              1    1000      1400      2.34700e+16    -0.0661   6482.234524408656   5.75429e+06    2    0    0    0    0    0    1    0    0    0    0    25
Theory              2007MOU/SAH1901-1913          1    200       3000      1.85881e+08    1.72      -581.86777242122    2.35983e+13    2    0    0    0    0    0    1    0    0    0    0    100
0                   2007MOU/SAH1901-1913          1    200       3000      6.68855e+07    1.77      -286.12506164514537 4.18488e+12    2    0    0    0    0    0    1    0    0    0    0    100
0                   1999KAR/OSH11918-11927        1    298       1000      6.16762e+11    0.47      229.621373000936    4.15295e+12    2    0    0    0    0    0    1    0    0    0    0    50
0                   1979BAL/WAL525                1    773       0         2.80070e+13    0.0       0.0                 0.00000e+00    2    0    0    0    0    0    1    0    0    0    0    0
0                   1979BAL/WAL140                1    370       773       2.80070e+13    0.0       0.0                 0.00000e+00    2    0    0    0    0    0    1    0    0    0    0    0
0                   1977SHA929                    1    250       2000      1.14206e+11    0.75      0.0                 8.19128e+12    2    0    0    0    0    0    1    0    0    0    0    100
reverse             2000MIC/SUT1471-1478          1    400       2300      3.31100e+06    2.1089    -558.4801207851032  3.56240e+12    2    0    0    0    0    0    1    0    0    0    0    100
reverse             1999KAR/OSH11918-11927        1    298       1000      8.07000e+12    0.1263    354.353296426774    5.04598e+12    2    0    0    0    0    0    1    0    0    0    0    50
reverse             1972SKI/LIF3853               1    1000      2500      4.00000e+14    -0.458    4401.9627579265225  1.13138e+07    2    0    0    0    0    0    1    0    0    0    0    100
reverse             1968MAY/SCH2628-2631          1    300       1000      1.19300e+13    -0.0598   1803.4222445898338  1.99728e+10    2    0    0    0    0    0    1    0    0    0    0    50
fit                 fit                           1    300       2500      4.28395e+08    1.53      -239.82027162296012 0.00000e+00    2    0    0    0    0    0    1    0    0    0    0    0
Compare             Baulch                        1    250       1000      1.053E+14      0         1030.0              3.32314E+12    2    0    0    0    0    0    1    0    0    0    0    0
0                   taotao                        1    300       2500      1.14020e+10    1.0827    278.70156014091594  0.00000e+00    2    0    0    0    0    0    1    0    0    0    0    0
0                   henry                         1    300       2500      2.80000e+06    2.09      -730.2466029189733  0.00000e+00    2    0    0    0    0    0    1    0    0    0    0    0