Review              2016VAR/OLM407-422            1    800       2500      2.16729e+06    2.11      -817.5002           0.00000e+00    2    0    0    0    0    0    1    0    0    0    0    0    
0                   2004ATK/BAU1461-1738          1    245       300       3.37288e+12    0.0       0.0                 3.37288e+12    2    0    0    0    0    0    1    0    0    0    0    0    
0                   2004ATK/BAU1461-1738          1    298       0         3.37288e+12    0.0       0.0                 3.37288e+12    2    0    0    0    0    0    1    0    0    0    0    0    
0                   1997ATK/BAU1329-1499          1    245       300       3.37288e+12    0.0       0.0                 3.37288e+12    2    0    0    0    0    0    1    0    0    0    0    0    
0                   1992BAU/COB411-429            1    300       1000      4.28235e+13    0.0       709.3016            0.00000e+00    2    0    0    0    0    0    1    0    0    0    0    0    
0                   1992ATK/BAU1125-1568          1    245       300       3.37288e+12    0.0       0.0                 3.37288e+12    2    0    0    0    0    0    1    0    0    0    0    0    
0                   1989ATK/BAU881-1097           1    245       300       3.37288e+12    0.0       0.0                 3.37288e+12    2    0    0    0    0    0    1    0    0    0    0    0    
0                   1986TSA/HAM1087               1    300       2500      6.62530e+13    0.0       1069.9635           0.00000e+00    2    0    0    0    0    0    1    0    0    0    0    0    
0                   1984WAR197C                   1    300       1000      2.49954e+13    0.0       348.6398            0.00000e+00    2    0    0    0    0    0    1    0    0    0    0    0    
0                   1983PRA/WOO2597               1    231       464       1.01789e+12    0.0       -199.5662           1.98857e+12    2    0    0    0    0    0    1    0    0    0    0    0    
0                   1974LLO169-228                1    300       1000      2.49954e+13    0.0       352.2464            0.00000e+00    2    0    0    0    0    0    1    0    0    0    0    0    
Experiment          1982SRI/QIU4569               1    296       0         4.04143e+12    0.0       0.0                 0.00000e+00    2    0    0    0    0    0    1    0    0    0    0    0    
Theory              2007MOU/SAH1901-1913          1    200       3000      1.85881e+08    1.72      -581.8678           2.35983e+13    2    0    0    0    0    0    1    0    0    0    0    100  
0                   2007MOU/SAH1901-1913          1    200       3000      6.68855e+07    1.77      -286.1251           4.18488e+12    2    0    0    0    0    0    1    0    0    0    0    100  
0                   1999KAR/OSH11918-11927        1    298       1000      6.16762e+11    0.47      229.6214            4.15295e+12    2    0    0    0    0    0    1    0    0    0    0    50   
0                   1979BAL/WAL525                1    773       0         2.80070e+13    0.0       0.0                 0.00000e+00    2    0    0    0    0    0    1    0    0    0    0    0    
0                   1979BAL/WAL140                1    370       773       2.80070e+13    0.0       0.0                 0.00000e+00    2    0    0    0    0    0    1    0    0    0    0    0    
0                   1977SHA929                    1    250       2000      1.14206e+11    0.75      0.0                 8.19128e+12    2    0    0    0    0    0    1    0    0    0    0    100  
fit                 fit                           1    300       2500      3.60261e+09    1.27      -3.1844             0.00000e+00    2    0    0    0    0    0    1    0    0    0    0    0    
Compare             taotao                        1    300       2500      1.14020e+10    1.08      278.7016            0.00000e+00    2    0    0    0    0    0    1    0    0    0    0    0    
0                   henry                         1    300       2500      2.80000e+06    2.09      -730.2466           0.00000e+00    2    0    0    0    0    0    1    0    0    0    0    0    
