Review              1986TSA/HAM1087               1    300       2500      3.60778e+12    0         0.0                 0.00000e+00    2    0    0    0    0    0    1    0    0    0    0    0    
reverse             1992BAU/COB411-429            1    500       2000      1.23030e+11    0.1676    95.8             0.00000e+00    2    0    0    0    0    0    1    0    0    0    0    0    
reverse             1986TSA/HAM1087               1    300       2500      1.24010e+12    -0.1132   V             0.00000e+00    2    0    0    0    0    0    1    0    0    0    0    0    
Experiment          2012HON/DAV3007-3013          1    1072      1139      4.40281e+12    0         0.0                 0.00000e+00    2    0    0    0    0    0    1    0    0    0    0    0    
reverse             2017RYU/SHI228-236            1    1609      1812      1.45757e+14    0.0       52080.2             0.00000e+00    2    0    0    0    0    0    1    0    0    0    0    25   
reverse             1978SHA1179                   1    300       2500      8.54576e+06    2.0       52080.2             0.00000e+00    2    0    0    0    0    0    1    0    0    0    0    0    
reverse             1972SKI/LIF3853               1    1000      2500      8.01059e+13    0.0       55902.6             0.00000e+00    2    0    0    0    0    0    1    0    0    0    0    100  
reverse             1968MAY/SCH2628-2631          1    300       1000      4.31849e+13    0.0       58769.4             0.00000e+00    2    0    0    0    0    0    1    0    0    0    0    50   
fit                 fit                           1    300       2500      1.40946e+13    -0.17     135.6865            0.00000e+00    2    0    0    0    0    0    1    0    0    0    0    0    
Compare             taotao                        1    300       2500      2.32000e+05    2.23      -1520.8858          0.00000e+00    2    0    0    0    0    0    1    0    0    0    0    0    
0                   henry                         1    300       2500      1.81900e+03    2.83      -1877.2018          0.00000e+00    2    0    0    0    0    0    1    0    0    0    0    0    
