Review              2005SRI/SU7902-7914           1    1237      2430      1.87315e+11    0.0       4950.6849           0.00000e+00    2    0    0    0    0    0    1    0    0    0    0    100  
0                   1992BAU/COB411-429            1    1000      2500      3.31265e+11    0.0       4498.6554           0.00000e+00    2    0    0    0    0    0    1    0    0    0    0    100  
Experiment          2007SRI/SU11589-11591         1    1244      1502      6.38438e+11    0.0       6798.4757           0.00000e+00    2    0    0    0    0    0    1    0    0    0    0    25   
0                   2005SRI/SU7902-7914           1    1303      2272      5.03523e+11    0.0       6392.1301           0.00000e+00    2    0    0    0    0    0    1    0    0    0    0    50   
0                   1995YU/WAN14377-14387         1    1000      2500      1.84906e+12    0.0       10195.9103          0.00000e+00    2    0    0    0    0    0    1    0    0    0    0    100  
0                   1992GRE/AMO7013-7018          1    1000      1300      8.31174e+11    0.0       3838.6442           0.00000e+00    2    0    0    0    0    0    1    0    0    0    0    25   
0                   1988ZEL/EWI2971               1    298       3000      3.40300e+11    0.0       4498.6554           9.45546e+04    2    0    0    0    0    0    1    0    0    0    0    100  
0                   1986SAI/ITO1422               1    1430      2150      3.16208e+11    0.0       4527.5083           0.00000e+00    2    0    0    0    0    0    1    0    0    0    0    50   
0                   1982PLU/RYA861                0    295       0         1.81292e+08    0.0       0.0                 0.00000e+00    2    0    0    0    0    0    1    0    0    0    0    0    
0                   1982FON/PEE155                0    400       0         7.52875e+08    0.0       0.0                 0.00000e+00    2    0    0    0    0    0    1    0    0    0    0    0    
0                   1981BOR/DRA305                1    880       1670      1.99964e+12    0.0       6667.4353           0.00000e+00    2    0    0    0    0    0    1    0    0    0    0    50   
0                   1980BOR/ZAM21                 1    880       1670      1.99964e+12    0.0       6757.6007           0.00000e+00    2    0    0    0    0    0    1    0    0    0    0    50   
0                   1980BHA/FRA503                1    1700      2300      5.19785e+13    0.0       17431.989           0.00000e+00    2    0    0    0    0    0    1    0    0    0    0    50   
0                   1979KLA/AND598                0    368       0         1.81292e+08    0.0       0.0                 0.00000e+00    2    0    0    0    0    0    1    0    0    0    0    0    
0                   1978REI/ROM1399               1    300       2000      1.69246e+11    0.0       4978.3356           0.00000e+00    2    0    0    0    0    0    1    0    0    0    0    100  
0                   1978OLS/GAR151                1    1800      2700      6.92645e+11    0.0       4527.5083           0.00000e+00    2    0    0    0    0    0    1    0    0    0    0    50   
0                   1978BAL/GOL350                1    1000      1220      2.99945e+08    0.0       0.0                 0.00000e+00    2    0    0    0    0    0    1    0    0    0    0    0    
0                   1976WAS/BAY777                0    259       341       1.86111e+11    0.0       940.1252            7.93719e+09    2    0    0    0    0    0    1    0    0    0    0    25   
0                   1975BOW869                    1    1900      2400      1.19858e+11    0.0       4997.5709           0.00000e+00    2    0    0    0    0    0    1    0    0    0    0    50   
0                   1973TEI/ROM1131-1136          1    300       2000      1.69246e+11    0.0       4978.3356           0.00000e+00    2    0    0    0    0    0    1    0    0    0    0    100  
0                   1971IZO/KIS4425               1    1400      2200      1.21062e+12    0.0       6287.5381           0.00000e+00    2    0    0    0    0    0    1    0    0    0    0    50   
0                   1971DEA/KIS1718               0    1750      2580      3.01150e+13    0.0       5027.6261           0.00000e+00    2    0    0    0    0    0    1    0    0    0    0    50   
0                   1971CLA/IZO4644               1    1350      0         1.98759e+10    0.0       0.0                 0.00000e+00    2    0    0    0    0    0    1    0    0    0    0    0    
0                   1969HIG/WIL579                1    1880      0         7.95036e+09    0.0       0.0                 0.00000e+00    2    0    0    0    0    0    1    0    0    0    0    0    
Theory              2019ZHA/HUA125-134            1    500       1500      8.94469e-03    3.93      3066.8279           0.00000e+00    2    0    0    0    0    0    1    0    0    0    0    100  
0                   1979TAB/BAU63                 1    1950      2770      2.69830e+12    0.0       6037.4792           0.00000e+00    2    0    0    0    0    0    1    0    0    0    0    50   
0                   1976TSU159                    1    1500      2000      8.97427e+11    0.0       6007.4241           0.00000e+00    2    0    0    0    0    0    1    0    0    0    0    50   
0                   1972SKI/LIF3853               1    1000      2500      3.99927e+12    0.0       9056.2189           0.00000e+00    2    0    0    0    0    0    1    0    0    0    0    100  
0                   1971COO/WIL757                1    1400      1800      3.16208e+13    0.0       12623.1645          0.00000e+00    2    0    0    0    0    0    1    0    0    0    0    25   
fit                 fit                           1    300       2500      4.75622e+04    2.0       3579.8431           0.00000e+00    2    0    0    0    0    0    1    0    0    0    0    0    
Compare             taotao                        1    300       2500      2.64100e+00    3.28      4079.0136           0.00000e+00    2    0    0    0    0    0    1    0    0    0    0    0    
0                   henry                         1    300       2500      2.64100e+00    3.28      4079.0136           0.00000e+00    2    0    0    0    0    0    1    0    0    0    0    0    
