Review              2016OLM/VAR423-441            1    500       2500      7.73710e+01    3.15      -2510.2064          0.00000e+00    2    0    0    0    0    0    1    0    0    0    0    0    
0                   1992BAU/COB411-429            1    300       2500      1.81292e+13    0.0       0.0                 0.00000e+00    2    0    0    0    0    0    1    0    0    0    0    0    
0                   1986TSA/HAM1087               1    300       2500      1.98759e+13    0.0       0.0                 0.00000e+00    2    0    0    0    0    0    1    0    0    0    0    0    
Experiment          2012HON/DAV3007-3013          1    1072      1139      6.80599e+12    0.0       0.0                 0.00000e+00    2    0    0    0    0    0    1    0    0    0    0    0    
Theory              2018PAN/MAS3337-3345          0    600       1600      5.90309e+16    -0.59     7554.6634           0.00000e+00    2    0    0    0    0    0    1    0    0    0    0    100  
0                   2009JAS/KLI279-286            1    300       2500      9.93426e+11    0.27      -346.2354           0.00000e+00    2    0    0    0    0    0    1    0    0    0    0    100  
Other               2009VAS/DAV736-749            1    1121      1332      6.80599e+13    0.0       0.0                 0.00000e+00    2    0    0    0    0    0    1    0    0    0    0    0    
fit                 fit                           1    300       2500      5.51692e+17    -1.33     1078.0231           0.00000e+00    2    0    0    0    0    0    1    0    0    0    0    0    
Compare             taotao                        1    300       2500      1.00000e+12    0.27      -345.999            0.00000e+00    2    0    0    0    0    0    1    0    0    0    0    0    
0                   henry                         1    300       2500      1.00000e+12    0.27      -345.999            0.00000e+00    2    0    0    0    0    0    1    0    0    0    0    0    
