Experiment_{(CH3CO)2}1969HOL/MUL177                1    677       776       1.99884e+16    0.0       -6537.597           0.00000e+00    3    0    0    0    0    0    1    0    0    0    0    25   
Experiment_{Ar}     1996DU/HES974-983             1    296       1800      6.22815e+42    -7.25     2168.7799           4.96123e+21    3    0    0    0    0    0    1    0    0    0    0    100  
Experiment_{Ar}     1988WAG/WAR2462-2471          1    296       2000      3.19754e+41    -7.03     1389.7503           1.21816e+22    3    0    0    0    0    0    1    0    0    0    0    100  
Experiment_{Ar}     1988SLA/GUT2455-2462          1    296       906       3.19754e+41    -7.03     1389.7503           1.21816e+22    3    0    0    0    0    0    1    0    0    0    0    50   
Experiment_{Ar}     1983MAC/PIL430                1    296       577       2.18022e+19    0.0       -1679.482           6.11106e+21    3    0    0    0    0    0    1    0    0    0    0    25   
Review_{Ar}         1994BAU/COB847-1033           1    300       2000      1.27189e+41    -7.0      1389.7503           0.00000e+00    3    0    0    0    0    0    1    0    0    0    0    100  
Review_{Ar}         1992BAU/COB411-429            1    300       2000      1.27189e+41    -7.0      1389.7503           0.00000e+00    3    0    0    0    0    0    1    0    0    0    0    100  
Theory_{Ar}         1976VAN201                    1    450       1350      8.67009e+17    0.0       -3548.9125          0.00000e+00    3    0    0    0    0    0    1    0    0    0    0    50   
Review_{HE}         1968SHA/TOB2337               1    394       571       1.20413e+36    0.5       0.0                 0.00000e+00    3    0    0    0    0    0    1    0    0    0    0    25   
Theory_{He}         1976VAN201                    1    450       1350      1.71951e+18    0.0       -3758.0964          0.00000e+00    3    0    0    0    0    0    1    0    0    0    0    50   
