Review              1995ROB/PIL13452-13460        1    296       2000      3.26804e+16    -1.1      159.8934            3.62766e+13    2    0    0    0    0    0    1    0    0    0    0    100  
0                   1994BAU/COB847-1033           1    300       2000      3.60778e+13    0.0       0.0                 0.00000e+00    2    0    0    0    0    0    1    0    0    0    0    0    
0                   1992BAU/COB411-429            1    300       2000      3.60778e+13    0.0       0.0                 0.00000e+00    2    0    0    0    0    0    1    0    0    0    0    0    
0                   1986TSA/HAM1087               1    300       2500      1.01108e+15    -0.64     0.0                 0.00000e+00    2    0    0    0    0    0    1    0    0    0    0    100  
0                   1984WAR197C                   1    300       2000      2.39971e+14    -0.4      0.0                 0.00000e+00    2    0    0    0    0    0    1    0    0    0    0    100  
0                   1980BAU/DUX313                1    250       420       2.40318e+13    0.0       0.0                 2.40318e+13    2    0    0    0    0    0    1    0    0    0    0    0    
0                   1968SHA/TOB2337               1    394       571       1.99921e+12    0.5       0.0                 0.00000e+00    2    0    0    0    0    0    1    0    0    0    0    25   
Experiment          2015SAN/YAN7847-7857          1    292       714       2.80601e+14    -0.37     0.0                 3.40902e+13    2    0    0    0    0    0    1    0    0    0    0    25   
0                   2003WAN/HOU11414-11426        1    200       1350      2.27733e+15    -0.69     87.761              3.32902e+13    2    0    0    0    0    0    1    0    0    0    0    100  
0                   2003HAN/HAV2981-2987          1    295       0         2.52966e+13    0.0       0.0                 0.00000e+00    2    0    0    0    0    0    1    0    0    0    0    0    
0                   2003COD/ROM5119-5134          1    155       0         4.16189e+13    0.0       0.0                 0.00000e+00    2    0    0    0    0    0    1    0    0    0    0    0    
0                   2003COD/ROM5119-5134          1    155       0         4.10769e+13    0.0       0.0                 0.00000e+00    2    0    0    0    0    0    1    0    0    0    0    0    
0                   2003COD/ROM5119-5134          1    155       0         4.20405e+13    0.0       0.0                 0.00000e+00    2    0    0    0    0    0    1    0    0    0    0    0    
0                   2002COD/PAY6060-6067          1    202       0         3.92700e+13    0.0       0.0                 0.00000e+00    2    0    0    0    0    0    1    0    0    0    0    0    
0                   2002COD/PAY6060-6067          1    202       0         3.03559e+13    0.0       0.0                 0.00000e+00    2    0    0    0    0    0    1    0    0    0    0    0    
0                   2002COD/PAY6060-6067          1    298       0         1.29494e+13    0.0       0.0                 1.29494e+13    2    0    0    0    0    0    1    0    0    0    0    0    
0                   2002COD/PAY6060-6067          1    298       0         1.46961e+13    0.0       0.0                 1.46961e+13    2    0    0    0    0    0    1    0    0    0    0    0    
0                   2002COD/PAY6060-6067          1    202       0         3.16208e+13    0.0       0.0                 0.00000e+00    2    0    0    0    0    0    1    0    0    0    0    0    
0                   2001WAN/FOC8449-8455          1    300       0         2.77058e+13    0.0       0.0                 0.00000e+00    2    0    0    0    0    0    1    0    0    0    0    0    
0                   1996DU/HES974-983             1    296       1800      9.08631e+16    -1.2      294.5405            3.63141e+13    2    0    0    0    0    0    1    0    0    0    0    100  
0                   1993HWA/RAB157-162            1    1300      1700      2.37306e+12    0.0       0.0                 0.00000e+00    2    0    0    0    0    0    1    0    0    0    0    0    
0                   1991WAL/GRO107-114            1    200       2000      9.02982e+16    -1.17     319.7868            3.93369e+13    2    0    0    0    0    0    1    0    0    0    0    100  
0                   1991HWA/WAG99-105             1    1200      1600      5.36213e+16    -1.1      319.7868            0.00000e+00    2    0    0    0    0    0    1    0    0    0    0    25   
0                   1991FOR3612-3620              1    300       2000      5.67649e+16    -1.11     294.5405            0.00000e+00    2    0    0    0    0    0    1    0    0    0    0    100  
0                   1991FAH/LAU3218-3224          1    298       0         3.13196e+13    0.0       0.0                 3.13196e+13    2    0    0    0    0    0    1    0    0    0    0    0    
0                   1989TSA71-86                  1    298       2000      1.02262e+15    -0.64     0.0                 2.66819e+13    2    0    0    0    0    0    1    0    0    0    0    100  
0                   1988WAG/WAR2462-2471          1    296       2000      9.05872e+16    -1.18     329.4045            3.60935e+13    2    0    0    0    0    0    1    0    0    0    0    100  
0                   1988SLA/GUT2455-2462          1    296       906       9.05872e+16    -1.18     329.4045            3.60935e+13    2    0    0    0    0    0    1    0    0    0    0    50   
0                   1988PAG/MUN375                1    298       0         3.49936e+13    0.0       0.0                 3.49936e+13    2    0    0    0    0    0    1    0    0    0    0    0    
0                   1987ANA/ART277-287            1    308       0         2.07793e+13    0.0       0.0                 0.00000e+00    2    0    0    0    0    0    1    0    0    0    0    0    
0                   1986MOL/MOZ854                1    1270      2210      1.99964e+11    0.0       -3598.203           0.00000e+00    2    0    0    0    0    0    1    0    0    0    0    50   
0                   1986FRA422                    1    1950      2300      8.01059e+12    0.0       0.0                 0.00000e+00    2    0    0    0    0    0    1    0    0    0    0    0    
0                   1986ART/BIO1257               1    373       463       2.81274e+13    0.0       0.0                 0.00000e+00    2    0    0    0    0    0    1    0    0    0    0    0    
0                   1986ART331                    1    302       0         2.39113e+13    0.0       0.0                 0.00000e+00    2    0    0    0    0    0    1    0    0    0    0    0    
0                   1985MAC/PIL2268-2274          1    296       577       2.46943e+13    0.0       -137.0515           3.91139e+13    2    0    0    0    0    0    1    0    0    0    0    25   
0                   1985BOR/COB337                1    298       0         3.43913e+13    0.0       0.0                 3.43913e+13    2    0    0    0    0    0    1    0    0    0    0    0    
0                   1984HIP/LUT1-12               1    298       0         3.49334e+13    0.0       0.0                 3.49334e+13    2    0    0    0    0    0    1    0    0    0    0    0    
0                   1983MAC/PIL430                1    296       577       1.66837e+13    0.0       -153.8824           2.79612e+13    2    0    0    0    0    0    1    0    0    0    0    25   
0                   1983ART/ANA647                1    308       0         1.90327e+13    0.0       0.0                 0.00000e+00    2    0    0    0    0    0    1    0    0    0    0    0    
0                   1982LAG/BAU568                1    298       0         2.83081e+13    0.0       0.0                 2.83081e+13    2    0    0    0    0    0    1    0    0    0    0    0    
0                   1981SKI/ROG481                1    298       0         2.75251e+13    0.0       0.0                 2.75251e+13    2    0    0    0    0    0    1    0    0    0    0    0    
0                   1980PAC/WIM2221               1    823       0         2.19840e+13    0.0       0.0                 0.00000e+00    2    0    0    0    0    0    1    0    0    0    0    0    
0                   1980ADA/BAS949                1    298       0         3.19821e+13    0.0       0.0                 3.19821e+13    2    0    0    0    0    0    1    0    0    0    0    0    
0                   1979ZAS/SMI575                1    1750      0         1.31904e+13    0.0       0.0                 0.00000e+00    2    0    0    0    0    0    1    0    0    0    0    0    
0                   1979SEP/MAR835                1    750       0         5.01114e+12    0.0       0.0                 0.00000e+00    2    0    0    0    0    0    1    0    0    0    0    0    
0                   1979SEP/MAR835                1    640       818       3.98120e+12    0.0       0.0                 0.00000e+00    2    0    0    0    0    0    1    0    0    0    0    0    
0                   1978PAC/WIM593                1    821       0         6.80599e+12    0.0       0.0                 0.00000e+00    2    0    0    0    0    0    1    0    0    0    0    0    
0                   1977HOC/GHO3                  1    295       0         3.10184e+13    0.0       0.0                 0.00000e+00    2    0    0    0    0    0    1    0    0    0    0    0    
0                   1977HEL/MAN4128               1    1000      0         1.40938e+13    0.0       0.0                 0.00000e+00    2    0    0    0    0    0    1    0    0    0    0    0    
0                   1977GLA/QUA949                1    1400      0         1.75269e+13    0.0       0.0                 0.00000e+00    2    0    0    0    0    0    1    0    0    0    0    0    
0                   1976PAR/PAU1935               1    250       450       2.40920e+13    0.0       0.0                 2.40920e+13    2    0    0    0    0    0    1    0    0    0    0    0    
0                   1976GLA/QUA304                1    1200      1500      1.01789e+13    0.0       0.0                 0.00000e+00    2    0    0    0    0    0    1    0    0    0    0    0    
0                   1976CAL/MET275                1    295       0         3.31265e+13    0.0       0.0                 0.00000e+00    2    0    0    0    0    0    1    0    0    0    0    0    
0                   1974POH/LEI207                1    298       0         2.69830e+13    0.0       0.0                 2.69830e+13    2    0    0    0    0    0    1    0    0    0    0    0    
0                   1974JAM/SIM887                1    298       0         3.37288e+13    0.0       0.0                 3.37288e+13    2    0    0    0    0    0    1    0    0    0    0    0    
0                   1973TRU/RIC721                1    313       0         2.40920e+13    0.0       0.0                 0.00000e+00    2    0    0    0    0    0    1    0    0    0    0    0    
0                   1973BAY/BRO228                1    295       0         2.40318e+13    0.0       0.0                 0.00000e+00    2    0    0    0    0    0    1    0    0    0    0    0    
0                   1973BAS/LAU1053               1    298       0         5.73992e+13    0.0       0.0                 5.73992e+13    2    0    0    0    0    0    1    0    0    0    0    0    
0                   1972TEN/JON1267               1    303       603       2.62000e+13    0.0       216.3971            0.00000e+00    2    0    0    0    0    0    1    0    0    0    0    25   
0                   1971WAA/RAB105-125            1    298       900       1.40938e+14    0.0       709.3016            1.30412e+13    2    0    0    0    0    0    1    0    0    0    0    50   
0                   1971CLA/IZO1295               1    1120      1400      8.43220e+12    0.0       0.0                 0.00000e+00    2    0    0    0    0    0    1    0    0    0    0    0    
0                   1970HAL/LEA575                1    290       0         1.99964e+13    0.0       0.0                 0.00000e+00    2    0    0    0    0    0    1    0    0    0    0    0    
0                   1970CLA/IZO2982               1    1100      1400      1.01789e+13    0.0       0.0                 0.00000e+00    2    0    0    0    0    0    1    0    0    0    0    0    
0                   1970CLA/IZO2982               1    1100      1400      8.43220e+12    0.0       0.0                 0.00000e+00    2    0    0    0    0    0    1    0    0    0    0    0    
0                   1970BAS/JAM215                1    298       0         2.60194e+13    0.0       0.0                 2.60194e+13    2    0    0    0    0    0    1    0    0    0    0    0    
0                   1969VAN/CAL101                1    293       0         2.43329e+13    0.0       0.0                 0.00000e+00    2    0    0    0    0    0    1    0    0    0    0    0    
0                   1963MAR/POL360                1    407       0         2.30079e+13    0.0       0.0                 0.00000e+00    2    0    0    0    0    0    1    0    0    0    0    0    
0                   1963KEB351                    1    298       0         4.81840e+13    0.0       0.0                 4.81840e+13    2    0    0    0    0    0    1    0    0    0    0    0    
0                   1957MOS/ROB130                1    298       0         3.80051e+13    0.0       0.0                 3.80051e+13    2    0    0    0    0    0    1    0    0    0    0    0    
0                   1953KIS/ROB1637-1643          1    438       0         3.69812e+13    0.0       0.0                 0.00000e+00    2    0    0    0    0    0    1    0    0    0    0    0    
0                   1953ING/LOS368                1    434       1090      5.51267e+10    0.5       -1089.1988          0.00000e+00    2    0    0    0    0    0    1    0    0    0    0    50   
0                   1953ING/LOS1135-1144          1    434       1090      2.39113e+12    0.0       -762.1987           0.00000e+00    2    0    0    0    0    0    1    0    0    0    0    50   
0                   1951GOM/KIS85                 1    398       493       4.49918e+13    0.0       0.0                 0.00000e+00    2    0    0    0    0    0    1    0    0    0    0    0    
Theory              2020XU/FAN1773002             1    700       2000      2.77683e+12    0.1       -1408.9856          0.00000e+00    2    0    0    0    0    0    1    0    0    0    0    100  
0                   2019WAN/PAN4776-4784          1    1000      2000      5.07877e+05    1.42      -10004.7595         0.00000e+00    2    0    0    0    0    0    1    0    0    0    0    100  
0                   2019WAN/PAN4776-4784          1    1000      2000      3.39823e+03    2.35      -5584.2475          0.00000e+00    2    0    0    0    0    0    1    0    0    0    0    0    
0                   2019WAN/PAN4776-4784          1    1000      2000      9.09473e+11    0.0       -2346.7064          0.00000e+00    2    0    0    0    0    0    1    0    0    0    0    0    
0                   2019PEA/AYE1861-1873          1    50        400       4.39679e+11    0.0       0.0                 4.39679e+11    2    0    0    0    0    0    1    0    0    0    0    0    
0                   2018YAO/CAO4869-4881          1    500       2000      1.04598e+16    -0.84     387.1104            0.00000e+00    2    0    0    0    0    0    1    0    0    0    0    100  
0                   2015BLI/GRE7668-7682          1    300       2000      2.40696e+14    -0.34     0.0                 0.00000e+00    2    0    0    0    0    0    1    0    0    0    0    100  
0                   2011HAN/SU,2745-2755          1    200       2000      9.92348e+08    0.32      -960.5627           1.54277e+11    2    0    0    0    0    0    1    0    0    0    0    100  
0                   2006KLI/GEO1133-1147          1    200       2000      9.55874e+14    -0.54     68.5258             3.50314e+13    2    0    0    0    0    0    1    0    0    0    0    0    
0                   2003CAR/MOO3708-3718          1    700       1000      3.72824e+09    0.0       -4830.4643          0.00000e+00    2    0    0    0    0    0    1    0    0    0    0    25   
0                   2003CAR/MOO3708-3718          1    700       1000      9.45611e+06    0.0       -4831.6665          0.00000e+00    2    0    0    0    0    0    1    0    0    0    0    25   
0                   1999KLI/HAR9388-9398          1    474       0         3.43311e+13    0.0       0.0                 0.00000e+00    2    0    0    0    0    0    1    0    0    0    0    0    
0                   1999KLI/HAR9388-9398          1    513       0         3.34276e+13    0.0       0.0                 0.00000e+00    2    0    0    0    0    0    1    0    0    0    0    0    
0                   1999KLI/HAR9388-9398          1    407       0         3.57164e+13    0.0       0.0                 0.00000e+00    2    0    0    0    0    0    1    0    0    0    0    0    
0                   1999KLI/HAR9388-9398          1    370       0         3.64994e+13    0.0       0.0                 0.00000e+00    2    0    0    0    0    0    1    0    0    0    0    0    
0                   1999KLI/HAR9388-9398          1    296       0         3.78244e+13    0.0       0.0                 0.00000e+00    2    0    0    0    0    0    1    0    0    0    0    0    
0                   1999KLI/HAR9388-9398          1    1525      0         2.25260e+13    0.0       0.0                 0.00000e+00    2    0    0    0    0    0    1    0    0    0    0    0    
0                   1999KLI/HAR9388-9398          1    200       0         3.87881e+13    0.0       0.0                 0.00000e+00    2    0    0    0    0    0    1    0    0    0    0    0    
0                   1999KLI/HAR9388-9398          1    245       0         3.85472e+13    0.0       0.0                 0.00000e+00    2    0    0    0    0    0    1    0    0    0    0    0    
0                   1999KLI/HAR9388-9398          1    1700      0         2.16828e+13    0.0       0.0                 0.00000e+00    2    0    0    0    0    0    1    0    0    0    0    0    
0                   1999KLI/HAR9388-9398          1    1950      0         2.06589e+13    0.0       0.0                 0.00000e+00    2    0    0    0    0    0    1    0    0    0    0    0    
0                   1999KLI/HAR9388-9398          1    2600      0         1.83702e+13    0.0       0.0                 0.00000e+00    2    0    0    0    0    0    1    0    0    0    0    0    
0                   1999KLI/HAR9388-9398          1    3000      0         1.68644e+13    0.0       0.0                 0.00000e+00    2    0    0    0    0    0    1    0    0    0    0    0    
0                   1999KLI/HAR9388-9398          1    539       0         3.28856e+13    0.0       0.0                 0.00000e+00    2    0    0    0    0    0    1    0    0    0    0    0    
0                   1999KLI/HAR9388-9398          1    1350      0         2.33692e+13    0.0       0.0                 0.00000e+00    2    0    0    0    0    0    1    0    0    0    0    0    
0                   1999KLI/HAR9388-9398          1    1200      0         2.43329e+13    0.0       0.0                 0.00000e+00    2    0    0    0    0    0    1    0    0    0    0    0    
0                   1999KLI/HAR9388-9398          1    1050      0         2.54171e+13    0.0       0.0                 0.00000e+00    2    0    0    0    0    0    1    0    0    0    0    0    
0                   1999KLI/HAR9388-9398          1    906       0         2.67421e+13    0.0       0.0                 0.00000e+00    2    0    0    0    0    0    1    0    0    0    0    0    
0                   1999KLI/HAR9388-9398          1    810       0         2.79467e+13    0.0       0.0                 0.00000e+00    2    0    0    0    0    0    1    0    0    0    0    0    
0                   1999KLI/HAR9388-9398          1    700       0         2.96332e+13    0.0       0.0                 0.00000e+00    2    0    0    0    0    0    1    0    0    0    0    0    
0                   1999KLI/HAR9388-9398          1    2250      0         1.95145e+13    0.0       0.0                 0.00000e+00    2    0    0    0    0    0    1    0    0    0    0    0    
0                   1999KLI/HAR9388-9398          1    577       0         3.19821e+13    0.0       0.0                 0.00000e+00    2    0    0    0    0    0    1    0    0    0    0    0    
0                   1998PES/PIL8526-8536          1    300       2000      8.75790e+17    -1.41     502.5222            0.00000e+00    2    0    0    0    0    0    1    0    0    0    0    0    
0                   1997DEA/BAU9681-9693          1    290       0         3.55959e+13    0.0       0.0                 0.00000e+00    2    0    0    0    0    0    1    0    0    0    0    0    
0                   1985COB/TRO1010-1015          1    300       1300      3.39095e+13    0.0       54.0993             0.00000e+00    2    0    0    0    0    0    1    0    0    0    0    0    
0                   1976VAN201                    1    1350      0         1.99964e+13    0.0       0.0                 0.00000e+00    2    0    0    0    0    0    1    0    0    0    0    0    
0                   1956SHE939                    1    398       448       2.19840e+13    0.0       0.0                 0.00000e+00    2    0    0    0    0    0    1    0    0    0    0    0    
0                   1951GOM/KIS85                 1    298       493       2.09691e+12    0.5       0.0                 3.61982e+13    2    0    0    0    0    0    1    0    0    0    0    25   
