Review              1986TSA/HAM1087               1    300       2500      3.60778e+12    0         0.0                 0.00000e+00    2    0    0    0    0    0    1    0    0    0    0    0    
reverse             1992BAU/COB411-429            0    500       2000      1.230E+11      0.1677    95.7725             0.00000e+00    2    0    0    0    0    0    1    0    0    0    0    0
reverse             1986TSA/HAM1087               0    300       2500      1.240E+12      -0.1138   397.4836            0.00000e+00    2    0    0    0    0    0    1    0    0    0    0    0
Experiment          2012HON/DAV3007-3013          1    1072      1139      4.40281e+12    0         0.0                 0.00000e+00    2    0    0    0    0    0    1    0    0    0    0    0    
reverse             2017RYU/SHI228-236            1    1609      1812      5.431E+05      1.7973    -4874.8868          0.00000e+00    2    0    0    0    0    0    1    0    0    0    0    25
reverse             1978SHA1179                   1    300       2500      2.622E+05      1.8862    -2007.1465          0.00000e+00    2    0    0    0    0    0    1    0    0    0    0    0
reverse             1972SKI/LIF3853               1    1000      2500      8.279E+08      0.8650    -1270.1057          0.00000e+00    2    0    0    0    0    0    1    0    0    0    0    100
reverse             1968MAY/SCH2628-2631          0    300       1000      1.093E+14      -0.7203   1663.0599           0.00000e+00    2    0    0    0    0    0    1    0    0    0    0    50
fit                 fit                           1    300       2500      6.47116e+10    0.42      -573.9839           0.00000e+00    2    0    0    0    0    0    1    0    0    0    0    0    
Compare             NPU                           1    300       2500      5.26100e+06    1.735     -1272.23            0.00000e+00    2    0    0    0    0    0    1    0    0    0    0    0    
0                   taotao                        1    300       2500      2.32000e+05    2.23      -1520.8858          0.00000e+00    2    0    0    0    0    0    1    0    0    0    0    0    
0                   henry                         1    300       2500      1.81900e+03    2.83      -1877.2018          0.00000e+00    2    0    0    0    0    0    1    0    0    0    0    0    