Review_{Ar}         Burke,2012				0	 300		2500	2.00E+17	   -0.84	-1769	       0		      3		0	 0		0		0		0		0.67	0	0	 0	0    0    
0                   Conaire,2004			0	 300		2500	4.59E+09	   1.46		-3404	       0		      3		0	 0		0		0		0		0.67	0	0	 0	0    0    
0                   Hong,2011				0	 1000	    1200	7.67E+08	   1.46		-5063	       0		      3		0	 0		0		0		0		0.67	0	0	 0	0    0    
0                   Keromnes,2013			0	 300		2500	2.00E+17	   -0.84	-1769	       0		      3		0	 0		0		0		0		0.67	0	0	 0	0    0    
0                   1992BAU/COB411-429      0    1000       1500    1.81292e+16    0.0      21639.7105     0.00000e+00    2     0    0      0       0       0       0.67    0   0    0  0    50   
reverse_{Ar}        Konnov,2008				0	 250		1400	2.38E+19	   -0.80	0		       0		      3		0	 0.4	0		0		0		0.67	0	0	 0	0    0    
reverse_{Ar}        Varga,2015				0	 800		2300	1.31E+15	   -0.2033	-2175	       0		      3		0	 0		0		0		0		0.67	0	0	 0	0    0    
Experiment_{Ar}     1979BAS/KOG1986         1    1100       1250    4.07155e+16    0.0      21038.6075     0.00000e+00    2     0    0      0       0       0       0.67    0   0    0  0    25   
0                   1971KIJ/TRO223          1    870        1400    1.57803e+16    0.0      21639.7105     0.00000e+00    2     0    0      0       0       0       0.67    0   0    0  0    50   
0                   1969TRO946              1    950        1450    1.57803e+16    0.0      21639.7105     0.00000e+00    2     0    0      0       0       0       0.67    0   0    0  0    50   
0                   L2010HONG				0	 1020	    1460	7.67E+08	   1.46		-5052	       0		      3		0	 0		0		0		0		0.67	0	0	 0	0    0    
0                   L2009HONG				0	 1000	    1200	7.49E+08	   1.46		-5082	       0		      3		0	 0		0		0		0		0.67	0	0	 0	0    0    
reverse_{Ar}        1965CAL/BAC1939-1945    0    298        0       5.664E+21      -0.689   25306.2406     7.45965e-16    3     0    0      0       0       0       0.67    0   0    0  0    0        
reverse_{Ar}        1961BLA/POR185-197      0    298        0       1.062E+20      -0.689   25306.2406     1.39868e-17    3     0    0      0       0       0       0.67    0   0    0  0    0        
Review_{N2}         1992BAU/COB411-429      0    700        1500    1.21062e+17    0.0      22841.9167     0.00000e+00    2     0    0      0       0       0       1.0     0   0    0  0    50   
0                   1986TSA/HAM1087         0    500        2500    1.29420e+33    -4.86    26809.197      0.00000e+00    2     0    0      0       0       0       1.0     0   0    0  0    100  
0                   1984WAR197C             0    700        1500    1.19858e+17    0.0      22841.9167     0.00000e+00    2     0    0      0       0       0       1.0     0   0    0  0    50   
0                   1962BAL/BRA110-119      0    713        953     1.69849e+17    0.0      23322.7991     0.00000e+00    2     0    0      0       0       0       1.0     0   0    0  0    25   
0                   Burke,2012				0	 300		2500	3.00E+17	   -0.84	-1792	       0		      3		0	 0		0		0		0		1  		0	0	 0	0    0    
0                   Conaire,2004			0	 300		2500	1.02E+10	   1.46		-3426	       0		      3		0	 0		0		0		0		1  		0	0	 0	0    0    
0                   Hong,2011				0	 1000	    1200	1.15E+09	   1.46		-5084	       0		      3		0	 0		0		0		0		1  		0	0	 0	0    0    
0                   Keromnes,2012			0	 300		2500	3.00E+17	   -0.84	-1792	       0		      3		0	 0		0		0		0		1  		0	0	 0	0    0    
reverse_{N2}        Baulch,2005				0	 200		400		2.39E+19	   -0.80	0		       0		      3		0	 0.2    0		0		0		1  		0	0	 0	0    0    
reverse_{N2}        Konnov,2008				0	 250		1400	2.38E+19	   -0.80	0		       0		      3		0	 0.4    0		0		0		1  		0	0	 0	0    0    
reverse_{N2}        Varga,2015				0	 800		2300	1.96E+15	   -0.2033	-2175	       0		      3		0	 0.4    0		0		0		1  		0	0	 0	0    0    
reverse_{N2}        1997DEM/SAN1-266        0    200        300     2.291E+18      0.232    24650.9311     2.72048e-18    3     0    0      0       0       0       1.0     0   0    0  0    0        
reverse_{N2}        1997ATK/BAU1329-1499    0    200        400     1.165E+18      0.378    24664.8213     1.32039e-18    3     0    0      0       0       0       1.0     0   0    0  0    0        
reverse_{N2}        1992BAU/COB411-429      0    250        1400    1.296E+20      -0.907   25131.3538     3.06954e-17    3     0    0      0       0       0       1.0     0   0    0  0    0        
reverse_{N2}        1992ATK/BAU1125-1568    0    200        300     9.463E+17      0.433    24650.9311     1.12370e-18    3     0    0      0       0       0       1.0     0   0    0  0    0        
reverse_{N2}        1989ATK/BAU881-1097     0    200        300     8.150E+17      0.432    24650.9311     9.67781e-19    3     0    0      0       0       0       1.0     0   0    0  0    0        
reverse_{N2}        1986TSA/HAM1087         0    500        2500    4.132E+30      -4.109   25842.5264     0.00000e+00    3     0    0      0       0       0       1.0     0   0    0  0    0        
reverse_{N2}        1984WAR197C             0    300        1500    3.646E+25      -2.39    25278.9129     0.00000e+00    3     0    0      0       0       0       1.0     0   0    0  0    0        
reverse_{N2}        1972WIL535-573          0    500        1000    3.233E+19      -0.727   28207.8007     0.00000e+00    3     0    0      0       0       0       1.0     0   0    0  0    0        
Experiment_{N2}     1962BAL/BRA110-119      1    713        833     8.49243e+16    0.0      22841.9167     0.00000e+00    2     0    0      0       0       0       1.0     0   0    0  0    25   
0                   1986PIT/WES113-133		0	 1000	    1500	8.03E+05	   1.46		-25397	       0		      3		0	 0		0		0		0		1       0	0	 0	0    0    
reverse_{N2}        Troe					0	 200		1000	2.79E+25	   -3.20	0		       0		      3		0	 0		0		0		0		1	    0	0	 0	0    0    
reverse_{N2}        1988ZEL/EWI4184         0    253        353     3.121E+17      0.574    24605.9889     4.30934e-19    3     0    0      0       0       0       1.0     0   0    0  0    0        
reverse_{N2}        1975TRA/ROS755          0    300        0       1.770E+21      -0.689   25306.2406     0.00000e+00    3     0    0      0       0       0       1.0     0   0    0  0    0        
reverse_{N2}        1974TRA/VON1010-1015    0    298        0       1.770E+21      -0.689   25306.2406     2.33114e-16    3     0    0      0       0       0       1.0     0   0    0  0    0        
reverse_{N2}        1974TRA/ROS1010         0    298        0       1.770E+21      -0.689   25306.2406     2.33114e-16    3     0    0      0       0       0       1.0     0   0    0  0    0        
reverse_{N2}        1965CAL/BAC1939-1945    0    298        0       2.344E+22      -0.689   25306.2406     3.08711e-15    3     0    0      0       0       0       1.0     0   0    0  0    0        
reverse_{N2}        1961BLA/POR185-197      0    298        0       3.611E+20      -0.689   25306.2406     4.75579e-17    3     0    0      0       0       0       1.0     0   0    0  0    0        
Theory_{N2}         1986PIT/WES113-133      0    1000       1500    9.99818e+12    0.0      904.059        0.00000e+00    2     0    0      0       0       0       1.0     0   0    0  0    50   
Review_{H2O}        Burke,2012				0	 300		2500	1.50E+18	   -0.84	-1792	       0		      3		0	 0		0		0		0		8.33	0	0	 0	0    0    
0                   Conaire,2004			0	 300		2500	1.22E+11	   1.46		-3426	       0		      3		0	 0		0		0		0		8.33	0	0	 0	0    0    
0                   Hong,2011				0	 1000	    1200	6.91E+09	   1.46		-5084	       0		      3		0	 0		0		0		0		8.33	0	0	 0	0    0    
0                   Keromnes,2012			0	 300		2500	1.50E+18	   -0.84	-1792	       0		      3		0	 0		0		0		0		8.33	0	0	 0	0    0    
reverse_{H2O}       Baulch,2005				0	 200		400		1.45E+18	   0		0		       0		      3		0	 0.2	0		0		0		8.33	0	0	 0	0    0    
reverse_{H2O}       Konnov,2008				0	 300		400		1.45E+18	   0		0		       0		      3		0	 0.4	0		0		0		8.33	0	0	 0	0    0    
reverse_{H2O}       Varga,2015				0	 800		2300	9.78E+15	   -0.2033	-2175          0		      3		0	 0.4	0		0		0		8.33	0	0	 0	0    0    
reverse_{H2O}       1988ZEL/EWI4184         0    298        0       2.832E+22      -0.689   50283.5        1.45106e+18    3     0    0      0       0       0       8.33    0   0    0  0    0    
reverse_{H2O}       1965CAL/BAC1939-1945    0    298        0       1.274E+23      -0.689   50283.5        6.52978e+18    3     0    0      0       0       0       8.33    0   0    0  0    0    
reverse_{H2O}       1961BLA/POR185-197      0    298        0       1.989E+21      -0.689   50283.5        1.01937e+17    3     0    0      0       0       0       8.33    0   0    0  0    0    
fit                 fit                           1    300       2500      6.90242e+23    -2.0      24805.0705          0.00000e+00    2    0    0    0    0    0    1    0    0    0    0    0    
Compare             taotao                  1    300        2500    2.49000e+24    -2.3     24533.9708     0.00000e+00    2     0    0      0       0       0       1       0   0    0  0    0    
0                   henry                   1    300        2500    2.35000e+24    -2.29    24531.1525     0.00000e+00    2     0    0      0       0       0       1       0   0    0  0    0    