reverse_{Ar}        1965CAL/BAC1939-1945          1    298       0         5.664E+21     -0.689    25306.2406          7.45965e-16    3    0    0    0    0    0    0.67 0    0    0    0    
reverse_{Ar}        1961BLA/POR185-197            1    298       0         1.062E+20     -0.689    25306.2406          1.39868e-17    3    0    0    0    0    0    0.67 0    0    0    0    
reverse_{H2O}       1988ZEL/EWI4184               1    298       0         2.832E+22     -0.689    25306.2406          3.72982e-15    3    0    0    0    0    0    8.33 0    0    0    0    
reverse_{H2O}       1965CAL/BAC1939-1945          1    298       0         1.274E+23     -0.689    25306.2406          1.67789e-14    3    0    0    0    0    0    8.33 0    0    0    0    
reverse_{H2O}       1961BLA/POR185-197            1    298       0         1.989E+21     -0.689    25306.2406          2.61957e-16    3    0    0    0    0    0    8.33 0    0    0    0    
reverse_{H2O}       1992BAU/COB411-429            1    300       400       1.670E+20     3.913     25045.8983          0.00000e+00    3    0    0    0    0    0    8.33 0    0    0    0    
reverse_{N2}        1988ZEL/EWI4184               1    253       353       3.121E+17     0.574     24605.9889          4.30934e-19    3    0    0    0    0    0    1.0  0    0    0    0    
reverse_{N2}        1975TRA/ROS755                1    300       0         1.770E+21     -0.689    25306.2406          0.00000e+00    3    0    0    0    0    0    1.0  0    0    0    0    
reverse_{N2}        1974TRA/VON1010-1015          1    298       0         1.770E+21     -0.689    25306.2406          2.33114e-16    3    0    0    0    0    0    1.0  0    0    0    0    
reverse_{N2}        1974TRA/ROS1010               1    298       0         1.770E+21     -0.689    25306.2406          2.33114e-16    3    0    0    0    0    0    1.0  0    0    0    0    
reverse_{N2}        1965CAL/BAC1939-1945          1    298       0         2.344E+22     -0.689    25306.2406          3.08711e-15    3    0    0    0    0    0    1.0  0    0    0    0    
reverse_{N2}        1961BLA/POR185-197            1    298       0         3.611E+20     -0.689    25306.2406          4.75579e-17    3    0    0    0    0    0    1.0  0    0    0    0    
reverse_{N2}        1997DEM/SAN1-266              1    200       300       2.291E+18     0.232     24650.9311          2.72048e-18    3    0    0    0    0    0    1.0  0    0    0    0    
reverse_{N2}        1997ATK/BAU1329-1499          1    200       400       1.165E+18     0.378     24664.8213          1.32039e-18    3    0    0    0    0    0    1.0  0    0    0    0    
reverse_{N2}        1992BAU/COB411-429            1    250       1400      1.296E+20     -0.907    25131.3538          3.06954e-17    3    0    0    0    0    0    1.0  0    0    0    0    
reverse_{N2}        1992ATK/BAU1125-1568          1    200       300       9.463E+17     0.433     24650.9311          1.12370e-18    3    0    0    0    0    0    1.0  0    0    0    0    
reverse_{N2}        1989ATK/BAU881-1097           1    200       300       8.150E+17     0.432     24650.9311          9.67781e-19    3    0    0    0    0    0    1.0  0    0    0    0    
reverse_{N2}        1986TSA/HAM1087               1    500       2500      4.132E+30     -4.109    25842.5264          0.00000e+00    3    0    0    0    0    0    1.0  0    0    0    0    
reverse_{N2}        1984WAR197C                   1    300       1500      3.646E+25     -2.39     25278.9129          0.00000e+00    3    0    0    0    0    0    1.0  0    0    0    0    
reverse_{N2}        1972WIL535-573                1    500       1000      3.233E+19     -0.727    28207.8007          0.00000e+00    3    0    0    0    0    0    1.0  0    0    0    0    
