Review_{Ar}         1992BAU/COB411-429            0    1000      1500      1.81292e+16    0.0       21639.7105          0.00000e+00    2    0    0    0    0    0    0.67 0    0    0    0    50   
Experiment_{Ar}     1979BAS/KOG1986               1    1100      1250      4.07155e+16    0.0       21038.6075          0.00000e+00    2    0    0    0    0    0    0.67 0    0    0    0    25   
Experiment_{Ar}     1971KIJ/TRO223                1    870       1400      1.57803e+16    0.0       21639.7105          0.00000e+00    2    0    0    0    0    0    0.67 0    0    0    0    50   
Experiment_{Ar}     1969TRO946                    1    950       1450      1.57803e+16    0.0       21639.7105          0.00000e+00    2    0    0    0    0    0    0.67 0    0    0    0    50   
reverse_{Ar}        1965CAL/BAC1939-1945          1    298       0         5.664E+21     -0.689    25306.2406          7.45965e-16    3    0    0    0    0    0    0.67 0    0    0    0    
reverse_{Ar}        1961BLA/POR185-197            1    298       0         1.062E+20     -0.689    25306.2406          1.39868e-17    3    0    0    0    0    0    0.67 0    0    0    0    
Experiment_{N2}     1962BAL/BRA110-119            1    713       833       8.49243e+16    0.0       22841.9167          0.00000e+00    2    0    0    0    0    0    1.0  0    0    0    0    25   
reverse_{N2}        1988ZEL/EWI4184               1    253       353       3.121E+17     0.574     24605.9889          4.30934e-19    3    0    0    0    0    0    1.0  0    0    0    0    
reverse_{N2}        1975TRA/ROS755                1    300       0         1.770E+21     -0.689    25306.2406          0.00000e+00    3    0    0    0    0    0    1.0  0    0    0    0    
reverse_{N2}        1974TRA/VON1010-1015          1    298       0         1.770E+21     -0.689    25306.2406          2.33114e-16    3    0    0    0    0    0    1.0  0    0    0    0    
reverse_{N2}        1974TRA/ROS1010               1    298       0         1.770E+21     -0.689    25306.2406          2.33114e-16    3    0    0    0    0    0    1.0  0    0    0    0    
reverse_{N2}        1965CAL/BAC1939-1945          1    298       0         2.344E+22     -0.689    25306.2406          3.08711e-15    3    0    0    0    0    0    1.0  0    0    0    0    
reverse_{N2}        1961BLA/POR185-197            1    298       0         3.611E+20     -0.689    25306.2406          4.75579e-17    3    0    0    0    0    0    1.0  0    0    0    0    
Review_{N2}         1992BAU/COB411-429            0    700       1500      1.21062e+17    0.0       22841.9167          0.00000e+00    2    0    0    0    0    0    1.0  0    0    0    0    50   
Review_{N2}         1986TSA/HAM1087               0    500       2500      1.29420e+33    -4.86     26809.197           0.00000e+00    2    0    0    0    0    0    1.0  0    0    0    0    100  
Review_{N2}         1984WAR197C                   0    700       1500      1.19858e+17    0.0       22841.9167          0.00000e+00    2    0    0    0    0    0    1.0  0    0    0    0    50   
Review_{N2}         1962BAL/BRA110-119            0    713       953       1.69849e+17    0.0       23322.7991          0.00000e+00    2    0    0    0    0    0    1.0  0    0    0    0    25   
reverse_{N2}        1997DEM/SAN1-266              1    200       300       2.291E+18     0.232     24650.9311          2.72048e-18    3    0    0    0    0    0    1.0  0    0    0    0    
reverse_{N2}        1997ATK/BAU1329-1499          1    200       400       1.165E+18     0.378     24664.8213          1.32039e-18    3    0    0    0    0    0    1.0  0    0    0    0    
reverse_{N2}        1992BAU/COB411-429            1    250       1400      1.296E+20     -0.907    25131.3538          3.06954e-17    3    0    0    0    0    0    1.0  0    0    0    0    
reverse_{N2}        1992ATK/BAU1125-1568          1    200       300       9.463E+17     0.433     24650.9311          1.12370e-18    3    0    0    0    0    0    1.0  0    0    0    0    
reverse_{N2}        1989ATK/BAU881-1097           1    200       300       8.150E+17     0.432     24650.9311          9.67781e-19    3    0    0    0    0    0    1.0  0    0    0    0    
reverse_{N2}        1986TSA/HAM1087               1    500       2500      4.132E+30     -4.109    25842.5264          0.00000e+00    3    0    0    0    0    0    1.0  0    0    0    0    
reverse_{N2}        1984WAR197C                   1    300       1500      3.646E+25     -2.39     25278.9129          0.00000e+00    3    0    0    0    0    0    1.0  0    0    0    0    
reverse_{N2}        1972WIL535-573                1    500       1000      3.233E+19     -0.727    28207.8007          0.00000e+00    3    0    0    0    0    0    1.0  0    0    0    0    
Theory_{N2}         1986PIT/WES113-133            1    1000      1500      9.99818e+12    0.0       904.059             0.00000e+00    2    0    0    0    0    0    1.0  0    0    0    0    50   
fit                 fit                           1    300       2500      3.05258e+26    -2.0      29248.1865          0.00000e+00    2    0    0    0    0    0    1    0    0    0    0    0    
Compare             taotao                        1    300       2500      2.49000e+24    -2.3      24533.9708          0.00000e+00    2    0    0    0    0    0    1    0    0    0    0    0    
0                   henry                         1    300       2500      2.35000e+24    -2.29     24531.1525          0.00000e+00    2    0    0    0    0    0    1    0    0    0    0    0    


Experiment{Ar}      reverse_{Ar}        1965CAL/BAC1939-1945          1    298       0         5.664E+21    -0.689       50283.5                 2.90212e+17    3    0    0    0    0    0    0.67 0    0    0    0    0    
Experiment{Ar}      reverse_{Ar}        1961BLA/POR185-197            1    298       0         1.062E+20    -0.689       50283.5                 5.44148e+15    3    0    0    0    0    0    0.67 0    0    0    0    0    
Experiment{H2O}     reverse_{H2O}       1988ZEL/EWI4184               1    298       0         2.832E+22    -0.689       50283.5                 1.45106e+18    3    0    0    0    0    0    8.33 0    0    0    0    0    
Experiment{H2O}     reverse_{H2O}       1965CAL/BAC1939-1945          1    298       0         1.274E+23    -0.689       50283.5                 6.52978e+18    3    0    0    0    0    0    8.33 0    0    0    0    0    
Experiment{H2O}     reverse_{H2O}       1961BLA/POR185-197            1    298       0         1.989E+21    -0.689       50283.5                 1.01937e+17    3    0    0    0    0    0    8.33 0    0    0    0    0    
Review{H2O}         reverse_{H2O}       1992BAU/COB411-429            1    300       400       1.670E+20    3.913        49766.2                 0.00000e+00    3    0    0    0    0    0    8.33 0    0    0    0    0    
Experiment{N2}      reverse_{N2}        1988ZEL/EWI4184               1    253       353       3.121E+17    0.574        48892.1                 2.49945e+17    3    0    0    0    0    0    1.0  0    0    0    0    0    
Experiment{N2}      reverse_{N2}        1975TRA/ROS755                1    300       0         1.770E+21    -0.689       50283.5                 0.00000e+00    3    0    0    0    0    0    1.0  0    0    0    0    0    
Experiment{N2}      reverse_{N2}        1974TRA/VON1010-1015          1    298       0         1.770E+21    -0.689       50283.5                 9.06913e+16    3    0    0    0    0    0    1.0  0    0    0    0    0    
Experiment{N2}      reverse_{N2}        1974TRA/ROS1010               1    298       0         1.770E+21    -0.689       50283.5                 9.06913e+16    3    0    0    0    0    0    1.0  0    0    0    0    0    
Experiment{N2}      reverse_{N2}        1965CAL/BAC1939-1945          1    298       0         2.344E+22    -0.689       50283.5                 1.20075e+18    3    0    0    0    0    0    1.0  0    0    0    0    0    
Experiment{N2}      reverse_{N2}        1961BLA/POR185-197            1    298       0         3.611E+20    -0.689       50283.5                 1.85010e+16    3    0    0    0    0    0    1.0  0    0    0    0    0    
Review{N2}          reverse_{N2}        1997DEM/SAN1-266              1    200       300       2.291E+18    0.232        48981.4                 2.24914e+17    3    0    0    0    0    0    1.0  0    0    0    0    25   
Review{N2}          reverse_{N2}        1997ATK/BAU1329-1499          1    200       400       1.165E+18    0.378        49009.0                 2.49945e+17    3    0    0    0    0    0    1.0  0    0    0    0    25   
Review{N2}          reverse_{N2}        1992BAU/COB411-429            1    250       1400      1.296E+20    -0.907       49936.0                 3.80904e+15    3    0    0    0    0    0    1.0  0    0    0    0    100  
Review{N2}          reverse_{N2}        1992ATK/BAU1125-1568          1    200       300       9.463E+17    0.433        48981.4                 2.90212e+17    3    0    0    0    0    0    1.0  0    0    0    0    25   
Review{N2}          reverse_{N2}        1989ATK/BAU881-1097           1    200       300       8.150E+17    0.432        48981.4                 2.49945e+17    3    0    0    0    0    0    1.0  0    0    0    0    25   
Review{N2}          reverse_{N2}        1986TSA/HAM1087               1    500       2500      4.132E+30    -4.109       51349.1                 0.00000e+00    3    0    0    0    0    0    1.0  0    0    0    0    100  
Review{N2}          reverse_{N2}        1984WAR197C                   1    300       1500      3.646E+25    -2.39        50229.2                 0.00000e+00    3    0    0    0    0    0    1.0  0    0    0    0    100  
Review{N2}          reverse_{N2}        1972WIL535-573                1    500       1000      3.233E+19    -0.727       56048.9                 0.00000e+00    3    0    0    0    0    0    1.0  0    0    0    0    50   


reverse_{Ar}        1965CAL/BAC1939-1945          1    298       0         5.664E+21     -0.689    25306.2406          7.45965e-16    3    0    0    0    0    0    0.67 0    0    0    0    
reverse_{Ar}        1961BLA/POR185-197            1    298       0         1.062E+20     -0.689    25306.2406          1.39868e-17    3    0    0    0    0    0    0.67 0    0    0    0    
reverse_{H2O}       1988ZEL/EWI4184               1    298       0         2.832E+22     -0.689    25306.2406          3.72982e-15    3    0    0    0    0    0    8.33 0    0    0    0    
reverse_{H2O}       1965CAL/BAC1939-1945          1    298       0         1.274E+23     -0.689    25306.2406          1.67789e-14    3    0    0    0    0    0    8.33 0    0    0    0    
reverse_{H2O}       1961BLA/POR185-197            1    298       0         1.989E+21     -0.689    25306.2406          2.61957e-16    3    0    0    0    0    0    8.33 0    0    0    0    
reverse_{H2O}       1992BAU/COB411-429            1    300       400       1.670E+20     3.913     25045.8983          0.00000e+00    3    0    0    0    0    0    8.33 0    0    0    0    
reverse_{N2}        1988ZEL/EWI4184               1    253       353       3.121E+17     0.574     24605.9889          4.30934e-19    3    0    0    0    0    0    1.0  0    0    0    0    
reverse_{N2}        1975TRA/ROS755                1    300       0         1.770E+21     -0.689    25306.2406          0.00000e+00    3    0    0    0    0    0    1.0  0    0    0    0    
reverse_{N2}        1974TRA/VON1010-1015          1    298       0         1.770E+21     -0.689    25306.2406          2.33114e-16    3    0    0    0    0    0    1.0  0    0    0    0    
reverse_{N2}        1974TRA/ROS1010               1    298       0         1.770E+21     -0.689    25306.2406          2.33114e-16    3    0    0    0    0    0    1.0  0    0    0    0    
reverse_{N2}        1965CAL/BAC1939-1945          1    298       0         2.344E+22     -0.689    25306.2406          3.08711e-15    3    0    0    0    0    0    1.0  0    0    0    0    
reverse_{N2}        1961BLA/POR185-197            1    298       0         3.611E+20     -0.689    25306.2406          4.75579e-17    3    0    0    0    0    0    1.0  0    0    0    0    
reverse_{N2}        1997DEM/SAN1-266              1    200       300       2.291E+18     0.232     24650.9311          2.72048e-18    3    0    0    0    0    0    1.0  0    0    0    0    
reverse_{N2}        1997ATK/BAU1329-1499          1    200       400       1.165E+18     0.378     24664.8213          1.32039e-18    3    0    0    0    0    0    1.0  0    0    0    0    
reverse_{N2}        1992BAU/COB411-429            1    250       1400      1.296E+20     -0.907    25131.3538          3.06954e-17    3    0    0    0    0    0    1.0  0    0    0    0    
reverse_{N2}        1992ATK/BAU1125-1568          1    200       300       9.463E+17     0.433     24650.9311          1.12370e-18    3    0    0    0    0    0    1.0  0    0    0    0    
reverse_{N2}        1989ATK/BAU881-1097           1    200       300       8.150E+17     0.432     24650.9311          9.67781e-19    3    0    0    0    0    0    1.0  0    0    0    0    
reverse_{N2}        1986TSA/HAM1087               1    500       2500      4.132E+30     -4.109    25842.5264          0.00000e+00    3    0    0    0    0    0    1.0  0    0    0    0    
reverse_{N2}        1984WAR197C                   1    300       1500      3.646E+25     -2.39     25278.9129          0.00000e+00    3    0    0    0    0    0    1.0  0    0    0    0    
reverse_{N2}        1972WIL535-573                1    500       1000      3.233E+19     -0.727    28207.8007          0.00000e+00    3    0    0    0    0    0    1.0  0    0    0    0    
