Review_{Ar}		Konnov,2008				0	250		1400	2.38E+19	-0.80		0		0		3		0		0.4		0		0		0		0.67	0	0	0	0
Reverse_{Ar}	Burke,2012				1	300		2500	2.00E+17	-0.84		-1769	0		3		0		0		0		0		0		0.67	0	0	0	0
Reverse_{Ar}	Ó-Conaire,2004		1	300		2500	4.59E+09	1.46		-3404	0		3		0		0		0		0		0		0.67	0	0	0	0
Reverse_{Ar}	Hong,2011				1	1000	1200	7.67E+08	1.46		-5063	0		3		0		0		0		0		0		0.67	0	0	0	0
Reverse_{Ar}	Keromnes,2012			1	300		2500	2.00E+17	-0.84		-1769	0		3		0		0		0		0		0		0.67	0	0	0	0
Review_{Ar}		Varga,2015				1	800		2300	1.31E+15	-0.2033		-2175	0		3		0		0		0		0		0		0.67	0	0	0	0
Exp_Ar			1965CAL/BAC1939-1945	0	298		0		3.52E+17	0			0		0		3		0		0		0		0		0		0.67	0	0	0	0
0				1961BLA/POR185-197		0	298		0		5.45E+15	0			0		0		3		0		0		0		0		0		0.67	0	0	0	0
Reverse_{Ar}	1979BAS/KOG1986			0	1100	1250	3.27E+09	1.46		-5202	0		3		0		0		0		0		0		0.67	0	0	0	0
Reverse_{Ar}	1971KIJ/TRO223			1	870		1400	1.27E+09	1.46		-4702	0		3		0		0		0		0		0		0.67	0	0	0	0
Reverse_{Ar}	1969TRO946				1	950		1450	1.27E+09	1.46		-4702	0		3		0		0		0		0		0		0.67	0	0	0	0
Reverse_{Ar}	L2010HONG				1	1020	1460	7.67E+08	1.46		-5052	0		3		0		0		0		0		0		0.67	0	0	0	0
Reverse_{Ar}	L2009HONG				1	1000	1200	7.49E+08	1.46		-5082	0		3		0		0		0		0		0		0.67	0	0	0	0
Review_{N2}		Baulch,2005				0	200		400		2.39E+19	-0.80		0		0		3		0		0.2		0		0		0		1  		0	0	0	0
0				Konnov,2008				0	250		1400	2.38E+19	-0.80		0		0		3		0		0.4		0		0		0		1  		0	0	0	0
0				Varga,2015				1	800		2300	1.96E+15	-0.2033		-2175	0		3		0		0.4		0		0		0		1  		0	0	0	0
Reverse_{N2}	Burke,2012				1	300		2500	3.00E+17	-0.84		-1792	0		3		0		0		0		0		0		1  		0	0	0	0
Reverse_{N2}	Ó-Conaire,2004		1	300		2500	1.02E+10	1.46		-3426	0		3		0		0		0		0		0		1  		0	0	0	0
Reverse_{N2}	Hong,2011				1	1000	1200	1.15E+09	1.46		-5084	0		3		0		0		0		0		0		1  		0	0	0	0
Reverse_{N2}	Keromnes,2012			1	300		2500	3.00E+17	-0.84		-1792	0		3		0		0		0		0		0		1  		0	0	0	0
Exper_{N2}		1988ZEL/EWI4184			0	253		353		2.38E+19	-0.80		0		0		3		0		0		0		0		0		1	    0	0	0	0
0				1975TRA/ROS755			0	300		0		9.08E+16	0			0		0		3		0		0		0		0		0		1	    0	0	0	0
0				1974TRA/VON1010-1015	0	298		0		9.06E+16	0			0		0		3		0		0		0		0		0		1		0	0	0	0
0				1974TRA/ROS1010			0	298		0		9.08E+16	0			0		0		3		0		0		0		0		0		1       0	0	0	0
0				1965CAL/BAC1939-1945	1	298		0		1.20E+18	0			0		0		3		0		0		0		0		0		1       0	0	0	0
0				1961BLA/POR185-197		0	298		0		1.85E+16	0			0		0		3		0		0		0		0		0		1	    0	0	0	0
Reverse_{N2}	1962BAL/BRA110-119		0	713		833		6.82E+09	1.46		-3402	0		3		0		0		0		0		0		1       0	0	0	0
Exper_{N2}		Troe					1	200		1000	2.79E+25	-3.20		0		0		3		0		0		0		0		0		1	    0	0	0	0
Reverse_{N2}	1986PIT/WES113-133		0	1000	1500	8.03E+05	1.46		-25397	0		3		0		0		0		0		0		1       0	0	0	0
Review_{H2O}	Baulch,2005				0	200		400		1.45E+18	0			0		0		3		0		0.2		0		0		0		8.33	0	0	0	0
0				Konnov,2008				0	300		400		1.45E+18	0			0		0		3		0		0.4		0		0		0		8.33	0	0	0	0
0				Varga,2015				1	800		2300	9.78E+15	-0.2033		-2175   0		3		0		0.4		0		0		0		8.33	0	0	0	0
Reverse_{H2O}	Burke,2012				1	300		2500	1.50E+18	-0.84		-1792	0		3		0		0		0		0		0		8.33	0	0	0	0
Reverse_{H2O}	Ó-Conaire,2004		1	300		2500	1.22E+11	1.46		-3426	0		3		0		0		0		0		0		8.33	0	0	0	0
Reverse_{H2O}	Hong,2011				1	1000	1200	6.91E+09	1.46		-5084	0		3		0		0		0		0		0		8.33	0	0	0	0
Reverse_{H2O}	Keromnes,2012			1	300		2500	1.50E+18	-0.84		-1792	0		3		0		0		0		0		0		8.33	0	0	0	0
Exper_{H2O}		1988ZEL/EWI4184			0	298		0		1.45E+18	0			0		0		3		0		0		0		0		0		8.33	0	0	0	0
0				1965CAL/BAC1939-1945	0	298		0		6.53E+18	0			0		0		3		0		0		0		0		0		8.33	0	0	0	0
0				1961BLA/POR185-197		0	298		0		1.02E+17	0			0		0		3		0		0		0		0		0		8.33	0	0	0	0
Reverse_{N2}	Keromnes,2012			1	200		1500	3.00E+17	-0.84		-1792	0		3		0		0		0		0		0		1      	0	0	0	0
