Review              2016VAR/OLM407-422            0    800       2500      5.17594e+15    -0.49     8112.487            0.00000e+00    2    0    0    0    0    0    1    0    0    0    0    0    
0                   2012TUR/NAG284-302            0    950       3550      3.09689e+10    0.96      6155.2954           0.00000e+00    2    0    0    0    0    0    1    0    0    0    0    100  
0                   2005MIL/PIL43-88              0    800       3500      1.16846e+16    -0.59     8148.5532           0.00000e+00    2    0    0    0    0    0    1    0    0    0    0    100  
0                   1994YU/FRE4770-4771           0    1340      3370      8.31174e+13    0.0       7246.8986           0.00000e+00    2    0    0    0    0    0    1    0    0    0    0    100  
0                   1994YAN/GAR449-453            0    1100      3550      7.58898e+13    0.0       7056.95             0.00000e+00    2    0    0    0    0    0    1    0    0    0    0    100  
0                   1994BAU/COB847-1033           0    300       5000      9.75726e+13    0.0       7466.9023           0.00000e+00    2    0    0    0    0    0    1    0    0    0    0    100  
0                   1992DU/HES1077-1092           0    960       5300      9.75726e+13    0.0       7466.9023           0.00000e+00    2    0    0    0    0    0    1    0    0    0    0    100  
0                   1992BAU/COB411-429            0    300       2500      1.98759e+14    0.0       8456.318            0.00000e+00    2    0    0    0    0    0    1    0    0    0    0    100  
0                   1990MAS/HAN7119-7128          0    962       3370      3.50904e+16    -0.7      8586.1563           0.00000e+00    2    0    0    0    0    0    1    0    0    0    0    100  
reverse             2004ATK/BAU1461-1738          0    298       0         3.091E+15      -0.285    8336.96             2.10805e+13    2    0    0    0    0    0    1    0    0    0    0    0    
reverse             2004ATK/BAU1461-1738          0    150       500       6.333E+13      0.224     8053.62             2.08670e+13    2    0    0    0    0    0    1    0    0    0    0    25   
reverse             2001ATK/BAU1-56               0    150       500       6.333E+13      0.224     8053.62             2.08670e+13    2    0    0    0    0    0    1    0    0    0    0    25   
reverse             1997DEM/SAN1-266              0    200       300       2.087E+12      0.736     7923.00             1.97452e+13    2    0    0    0    0    0    1    0    0    0    0    25   
reverse             1997ATK/BAU1329-1499          0    220       500       3.126E+14      -0.014    8135.47             2.00845e+13    2    0    0    0    0    0    1    0    0    0    0    25   
reverse             1994DEM/SAN                   0    200       300       2.087E+12      0.736     7923.00             1.97452e+13    2    0    0    0    0    0    1    0    0    0    0    25   
reverse             1992BAU/COB411-429            0    220       500       2.722E+14      -0.014    8133.06             1.76177e+13    2    0    0    0    0    0    1    0    0    0    0    25   
reverse             1992BAU/COB411-429            0    1000      2000      2.307E+16      -0.574    9051.83             0.00000e+00    2    0    0    0    0    0    1    0    0    0    0    100  
reverse             1992ATK/BAU1125-1568          0    220       500       3.126E+14      -0.014    8135.47             2.00845e+13    2    0    0    0    0    0    1    0    0    0    0    25   
Experiment          2017WAN/DAV8561-8568          1    1428      1685      8.07082e+13    0.0       7367.1192           0.00000e+00    2    0    0    0    0    0    1    0    0    0    0    25   
0                   2011HON/DAV309-316            1    1100      3370      1.04198e+14    0.0       7701.3325           0.00000e+00    2    0    0    0    0    0    1    0    0    0    0    100  
0                   2011HON/DAV309-316            1    1100      1530      1.12028e+14    0.0       7801.1157           0.00000e+00    2    0    0    0    0    0    1    0    0    0    0    25   
0                   1994YAN/GAR449-453            1    1850      3550      9.99818e+13    0.0       7686.9061           0.00000e+00    2    0    0    0    0    0    1    0    0    0    0    100  
0                   1992DU/HES1077-1092           1    2050      2950      9.33565e+13    0.0       7267.3361           0.00000e+00    2    0    0    0    0    0    1    0    0    0    0    50   
0                   1991YUA/WAN1258-1265          1    1050      2700      1.61413e+17    -0.93     8486.3732           0.00000e+00    2    0    0    0    0    0    1    0    0    0    0    100  
0                   1991SHI/MIC262-273            1    1100      2060      6.92645e+13    0.0       6917.4941           0.00000e+00    2    0    0    0    0    0    1    0    0    0    0    50   
0                   1990MAS/HAN7119-7128          1    1450      3370      9.33565e+13    0.0       7446.4648           0.00000e+00    2    0    0    0    0    0    1    0    0    0    0    100  
0                   1989PIR/MIC282                1    962       1700      1.68042e+14    0.0       8116.0937           0.00000e+00    2    0    0    0    0    0    1    0    0    0    0    50   
0                   1988FUJ/SHI461                1    1900      2650      5.99891e+14    0.0       11394.5098          0.00000e+00    2    0    0    0    0    0    1    0    0    0    0    50   
0                   1986MIL6170                   0    600       2500      2.49771e+19    -0.9      8715.9945           0.00000e+00    2    0    0    0    0    0    1    0    0    0    0    100  
0                   1985FRA/JUS181                1    1700      2500      2.43932e+14    0.0       8696.7592           0.00000e+00    2    0    0    0    0    0    1    0    0    0    0    50   
0                   1984ALE/ARU817                0    773       0         2.89104e+09    0.0       0.0                 0.00000e+00    2    0    0    0    0    0    1    0    0    0    0    0    
0                   1983DIX1-29                   1    700       1500      1.80088e+14    0.0       8446.7003           0.00000e+00    2    0    0    0    0    0    1    0    0    0    0    50   
0                   1982PAM/SKI585                1    1000      2500      1.19858e+14    0.0       8106.476            0.00000e+00    2    0    0    0    0    0    1    0    0    0    0    100  
0                   1980CHI/SKI629                1    925       1820      1.10221e+14    0.0       8106.476            0.00000e+00    2    0    0    0    0    0    1    0    0    0    0    50   
0                   1976BIO/LAZ57                 1    1300      1700      7.52875e+13    0.0       6787.6559           0.00000e+00    2    0    0    0    0    0    1    0    0    0    0    25   
0                   1975BOW869                    0    1900      2400      5.99891e+14    0.0       8446.7003           0.00000e+00    2    0    0    0    0    0    1    0    0    0    0    50   
0                   1974NAM/TRO377                0    839       924       9.75726e+12    0.0       6366.8837           0.00000e+00    2    0    0    0    0    0    1    0    0    0    0    25   
0                   1973SCH357                    0    1250      2500      1.23608e+17    -0.91     8366.1525           0.00000e+00    2    0    0    0    0    0    1    0    0    0    0    100  
0                   1973KOC/MOI888                1    913       1470      2.69228e+14    0.0       8346.9172           0.00000e+00    2    0    0    0    0    0    1    0    0    0    0    50   
0                   1971SHU/APE931                0    1150      0         1.65030e+11    0.0       0.0                 0.00000e+00    2    0    0    0    0    0    1    0    0    0    0    0    
0                   1971EBE/HOY713                0    650       1000      2.30079e+14    0.0       8446.7003           0.00000e+00    2    0    0    0    0    0    1    0    0    0    0    25   
0                   1971BRA/BEL24                 1    1150      1900      1.37927e+14    0.0       8245.9319           0.00000e+00    2    0    0    0    0    0    1    0    0    0    0    50   
0                   1971BRA/BEL129                1    1150      1400      1.25278e+14    0.0       8196.6415           0.00000e+00    2    0    0    0    0    0    1    0    0    0    0    25   
0                   1971BEL/BRA165                1    1130      1150      1.77076e+14    0.0       8346.9172           0.00000e+00    2    0    0    0    0    0    1    0    0    0    0    20   
0                   1970JAC/HOU125                1    1200      1800      9.93795e+13    0.0       7557.0678           0.00000e+00    2    0    0    0    0    0    1    0    0    0    0    50   
0                   1970DEA/KIS1718-1725          0    1750      2580      2.52966e+14    0.0       8446.7003           0.00000e+00    2    0    0    0    0    0    1    0    0    0    0    50   
0                   1969BUN/KAB1007               0    825       905       2.28874e+14    0.0       8856.6526           0.00000e+00    2    0    0    0    0    0    1    0    0    0    0    25   
0                   1968MYE/WAT425                1    1700      2700      6.03602e+12    0.5       8926.3806           0.00000e+00    2    0    0    0    0    0    1    0    0    0    0    100  
0                   1968KUR/BOU477-491            0    300       1650      1.69246e+14    0.0       8396.2077           0.00000e+00    2    0    0    0    0    0    1    0    0    0    0    100  
0                   1967GUT/SCH4576               1    1290      1670      7.76967e+13    0.0       7267.3361           0.00000e+00    2    0    0    0    0    0    1    0    0    0    0    25   
0                   1967GUT/HAR4400               1    975       2060      9.57657e+13    0.0       7397.1744           0.00000e+00    2    0    0    0    0    0    1    0    0    0    0    100  
0                   1967BAL/GER659-662            0    900       1050      1.01789e+14    0.0       8346.9172           0.00000e+00    2    0    0    0    0    0    1    0    0    0    0    25   
0                   1967AZA577-584                0    843       933       8.43220e+13    0.0       8196.6415           0.00000e+00    2    0    0    0    0    0    1    0    0    0    0    25   
0                   1966RIP/GAR2285               0    1400      2500      7.95036e+14    0.0       8856.6526           0.00000e+00    2    0    0    0    0    0    1    0    0    0    0    100  
0                   1966BAL/GER659                0    900       1050      1.01789e+14    0.0       8346.9172           0.00000e+00    2    0    0    0    0    0    1    0    0    0    0    25   
0                   1965DIX/SUT495                0    915       0         1.60212e+10    0.0       0.0                 0.00000e+00    2    0    0    0    0    0    1    0    0    0    0    0    
0                   1965AGA/NAL18                 0    863       963       8.31174e+13    0.0       8046.3657           0.00000e+00    2    0    0    0    0    0    1    0    0    0    0    25   
0                   1963LOV388                    0    2130      3040      6.62530e+14    0.0       8755.6673           0.00000e+00    2    0    0    0    0    0    1    0    0    0    0    50   
0                   1962AZA/NAL361-364            0    863       933       3.92097e+13    0.0       7546.2479           0.00000e+00    2    0    0    0    0    0    1    0    0    0    0    25   
0                   1961AZA/VOE340-349            0    843       933       7.82990e+13    0.0       7997.0753           0.00000e+00    2    0    0    0    0    0    1    0    0    0    0    25   
0                   1959FEN/JON1154               0    1100      1400      5.66162e+14    0.0       9056.2189           0.00000e+00    2    0    0    0    0    0    1    0    0    0    0    25   
0                   1958SCH/KIN1177               1    793       1650      2.99945e+14    0.0       8806.16             0.00000e+00    2    0    0    0    0    0    1    0    0    0    0    50   
0                   1958KAR/NAL1193-1204          0    733       873       5.66162e+13    0.0       7596.7406           0.00000e+00    2    0    0    0    0    0    1    0    0    0    0    25   
0                   1956BAL1344-1354              0    793       0         2.71035e+09    0.0       0.0                 0.00000e+00    2    0    0    0    0    0    1    0    0    0    0    0    
reverse             2006ROB/SMI6673-6679          1    136       377       1.853E+13      0.324     7877.7              1.97262e+13    2    0    0    0    0    0    1    0    0    0    0    25   
reverse             2006CAR/GOD3101-3109          0    39        142       3.091E+15      -0.285    8336.95             0.00000e+00    2    0    0    0    0    0    1    0    0    0    0    0    
reverse             2002ROB/SMI157-162            0    295       0         2.799E+15      -0.285    8336.95             0.00000e+00    2    0    0    0    0    0    1    0    0    0    0    0    
reverse             1994YAN/GAR449-453            1    1850      3550      3.136E+15      -0.388    8430.45             0.00000e+00    2    0    0    0    0    0    1    0    0    0    0    0    
reverse             1994SMI/STE3221-3227          0    158       294       3.377E+11      1.06      7864.91             0.00000e+00    2    0    0    0    0    0    1    0    0    0    0    25   
reverse             1992DU/HES1077-1092           0    5000      0         1.449E+15      -0.28     8336.96             0.00000e+00    2    0    0    0    0    0    1    0    0    0    0    0    
reverse             1992DU/HES1077-1092           0    2800      0         1.395E+15      -0.285    8336.96             0.00000e+00    2    0    0    0    0    0    1    0    0    0    0    0    
reverse             1991SHI/MIC262-273            1    1100      2060      1.489E+15      -0.367    7263.439            0.00000e+00    2    0    0    0    0    0    1    0    0    0    0    50   
reverse             1989PIR/MIC282                1    962       2580      3.952E+15      -0.381    8410.49             0.00000e+00    2    0    0    0    0    0    1    0    0    0    0    0    
reverse             1983BRU/SCH4503               1    300       0         2.74700E+15    -0.285    8336.96             0.00000e+00    2    0    0    0    0    0    1    0    0    0    0    0    
reverse             1981HOW/SMI997                1    250       515       2.536E+15      -0.331    8180.447            2.31886e+13    2    0    0    0    0    0    1    0    0    0    0    25   
reverse             1980LEW/WAT3495               1    221       499       7.570E+13      0.180     8089.99             1.76177e+13    2    0    0    0    0    0    1    0    0    0    0    25   
reverse             1980HOW/SMI40                 0    298       0         3.357E+15      -0.285    8336.955            2.28874e+13    2    0    0    0    0    0    1    0    0    0    0    0    
reverse             1977CAM/HAN475                0    425       0         3.886E+15      -0.285    8336.95             0.00000e+00    2    0    0    0    0    0    1    0    0    0    0    0    
reverse             1970WES/DEH3431-3438          1    228       340       8.255E+13      0.2311    8158.32             1.99964e+13    2    0    0    0    0    0    1    0    0    0    0    0    
reverse             1970BRE/GLA1082-1086          0    298       0         3.798E+15      -0.285    8336.95             2.58989e+13    2    0    0    0    0    0    1    0    0    0    0    0    
reverse             1968KUR/BOU477-491            1    300       0         2.481E+15      -0.285    8336.95             0.00000e+00    2    0    0    0    0    0    1    0    0    0    0    0    
reverse             1964KAU106-114                1    300       0         4.417E+15      -0.28     8336.96             0.00000e+00    2    0    0    0    0    0    1    0    0    0    0    0    
reverse             1963KAU/DEL659                0    310       0         1.616E+15      -0.285    8336.96             0.00000e+00    2    0    0    0    0    0    1    0    0    0    0    0    
reverse             1963CLY/THR544-558            0    265       293       4.417E+15      -0.285    8336.96             0.00000e+00    2    0    0    0    0    0    1    0    0    0    0    0    
reverse             1963CLY211                    0    265       293       4.398E+15      -0.285    8336.96             0.00000e+00    2    0    0    0    0    0    1    0    0    0    0    0    
Theory              1997MIL/GAR275-287            1    1000      5500      6.71791e+11    0.55      5967.7513           0.00000e+00    2    0    0    0    0    0    1    0    0    0    0    100  
0                   1997GER/MIL6358-6367          1    500       2000      1.77076e+14    0.0       8376.9724           0.00000e+00    2    0    0    0    0    0    1    0    0    0    0    100  
0                   1981MIL5120                   1    250       2500      5.24599e+16    -0.82     8306.0422           3.85517e+02    2    0    0    0    0    0    1    0    0    0    0    100  
0                   1970DIX235-263                1    550       1040      2.04782e+14    0.0       8245.9319           0.00000e+00    2    0    0    0    0    0    1    0    0    0    0    25   
0                   1969BRO/POR1035               1    1000      1700      1.99964e+14    0.0       8396.2077           0.00000e+00    2    0    0    0    0    0    1    0    0    0    0    50   
0                   1962BAL/COW1768               1    1280      1500      6.03602e+12    0.5       8046.3657           0.00000e+00    2    0    0    0    0    0    1    0    0    0    0    25   
0                   1959FEN/JON1154               0    1260      1780      5.66162e+14    0.0       9056.2189           0.00000e+00    2    0    0    0    0    0    1    0    0    0    0    50   
reverse             1998SKI/GER3828-3834          0    600       1000      6.000E+16      -0.342    16694.7             0.00000e+00    2    0    0    0    0    0    1    0    0    0    0    25  
reverse             1997MIL/GAR275-287            0    250       5000      6.515E+13      5.852     8017.979            9.53253e+12    2    0    0    0    0    0    1    0    0    0    0    100 
reverse             1997GER/MIL6358-6367          0    500       2000      1.789E+14      5.04      8112.18             0.00000e+00    2    0    0    0    0    0    1    0    0    0    0    100 
reverse             1993KLI/BIT234-243            0    500       2000      3.170E+17      -0.97     8707.32             0.00000e+00    2    0    0    0    0    0    1    0    0    0    0    100 
reverse             1991ZUE/STA347-360            0    1800      2700      8.625E+15      -0.574    8441.13             0.00000e+00    2    0    0    0    0    0    1    0    0    0    0    50  
reverse             1986MIL6170                   0    600       2500      6.610E+19      -1.356    16827.50            0.00000e+00    2    0    0    0    0    0    1    0    0    0    0    100 
reverse             1985COB/TRO1010-1015          0    300       2500      3.853E+15      -0.338    8406.07             0.00000e+00    2    0    0    0    0    0    1    0    0    0    0    100 
reverse             1985COB/HIP342                0    250       3000      3.072E+15      -0.309    8365.862            1.69246e+13    2    0    0    0    0    0    1    0    0    0    0    0   
reverse             1962DEL/KAU128                0    298       0         1.325E+15      -0.285    8336.96             9.03450e+12    2    0    0    0    0    0    1    0    0    0    0    0   
fit                 fit                           1    300       2500      3.22643e+14    -0.12     7992.6102           0.00000e+00    2    0    0    0    0    0    1    0    0    0    0    0    
Compare             taotao                        1    300       2500      1.04000e+14    0.0       7693.0045           0.00000e+00    2    0    0    0    0    0    1    0    0    0    0    0    
0                   henry                         1    300       2500      1.04000e+14    0.0       7693.0045           0.00000e+00    2    0    0    0    0    0    1    0    0    0    0    0    
0                   NPU                           1    300       2500      3.17700e+14    -0.119    7991.29             0.00000e+00    2    0    0    0    0    0    1    0    0    0    0    0   
0                   Baulch                        1    300       2500      2.07E+14       -0.097    7560                0.00000e+00    2    0    0    0    0    0    1    0    0    0    0    0   