ok 2.108e+13 0.0   0.0       reverse             2004ATK/BAU1461-1738          1    298       0         3.091E+15    -0.285       8336.96           2.10805e+13    2    0    0    0    0    0    1    0    0    0    0    0    
ok 1.446e+13 0.0   -217.4    reverse             2004ATK/BAU1461-1738          1    150       500       6.333E+13    0.224        8053.62           2.08670e+13    2    0    0    0    0    0    1    0    0    0    0    25   
ok 1.446e+13 0.0   -217.4    reverse             2001ATK/BAU1-56               1    150       500       6.333E+13    0.224        8053.62           2.08670e+13    2    0    0    0    0    0    1    0    0    0    0    25   
ok 1.319e+13 0.0   -238.9    reverse             1997DEM/SAN1-266              1    200       300       2.087E+12    0.736        7923.00           1.97452e+13    2    0    0    0    0    0    1    0    0    0    0    25   
ok 1.391e+13 0.0   -217.4    reverse             1997ATK/BAU1329-1499          1    220       500       3.126E+14    -0.014       8135.47           2.00845e+13    2    0    0    0    0    0    1    0    0    0    0    25   
ok 1.319e+13 0.0   -238.9    reverse             1994DEM/SAN                   1    200       300       2.087E+12    0.736        7923.00           1.97452e+13    2    0    0    0    0    0    1    0    0    0    0    25   
ok 1.211e+13 0.0   -222.18   reverse             1992BAU/COB411-429            1    220       500       2.722E+14    -0.014       8133.06           1.76177e+13    2    0    0    0    0    0    1    0    0    0    0    25   
ok 1.452e+13 0.0   702.37    reverse             1992BAU/COB411-429            1    1000      2000      2.307E+16    -0.574       9051.83           0.00000e+00    2    0    0    0    0    0    1    0    0    0    0    100  
ok 1.391e+13 0.0   -217.4    reverse             1992ATK/BAU1125-1568          1    220       500       3.126E+14    -0.014       8135.47           2.00845e+13    2    0    0    0    0    0    1    0    0    0    0    25    
ok 6.749e+13 -0.32 -351.18   reverse             2006ROB/SMI6673-6679          1    136       377       1.853E+13    0.324        7877.7            1.97262e+13    2    0    0    0    0    0    1    0    0    0    0    25   
ok 2.108e+13 0.0   0.0       reverse             2006CAR/GOD3101-3109          1    39        142       3.091E+15    -0.285       8336.95           0.00000e+00    2    0    0    0    0    0    1    0    0    0    0    0    
ok 1.909e+13 0.0   0.0       reverse             2002ROB/SMI157-162            1    295       0         2.799E+15    -0.285       8336.95           0.00000e+00    2    0    0    0    0    0    1    0    0    0    0    0    
ok 9.275e+12 0.0   0.0       reverse             1994YAN/GAR449-453            1    1850      3550      3.136E+15    -0.388       8430.45           0.00000e+00    2    0    0    0    0    0    1    0    0    0    0    0    
ok 3.058e+10 0.98  -668.92   reverse             1994SMI/STE3221-3227          1    158       294       3.377E+11    1.06         7864.91           0.00000e+00    2    0    0    0    0    0    1    0    0    0    0    25   
ok 9.878e+12 0.0   0.0       reverse             1992DU/HES1077-1092           1    5000      0         1.449E+15     -0.28       8336.96           0.00000e+00    2    0    0    0    0    0    1    0    0    0    0    0    
ok 9.516e+12 0.0   0.0       reverse             1992DU/HES1077-1092           1    2800      0         1.395E+15    -0.285       8336.96           0.00000e+00    2    0    0    0    0    0    1    0    0    0    0    0    
ok 5.270e+12 0.0  -2224.16   reverse             1991SHI/MIC262-273            1    1100      2060      1.489E+15    -0.367       7263.439          0.00000e+00    2    0    0    0    0    0    1    0    0    0    0    50   
ok 1.241e+13 0.0   0.0       reverse             1989PIR/MIC282                1    962       2580      3.952E+15    -0.381       8410.49           0.00000e+00    2    0    0    0    0    0    1    0    0    0    0    0    
ok 1.873e+13 0.0   0.0       reverse             1983BRU/SCH4503               1    300       0         2.74700E+15  -0.285       8336.96           0.00000e+00    2    0    0    0    0    0    1    0    0    0    0    0    
ok 4.003e+14 -0.5  0.0       reverse             1981HOW/SMI997                1    250       515       2.536E+15    -0.331       8180.447          2.31886e+13    2    0    0    0    0    0    1    0    0    0    0    25   
ok 1.211e+13 0.0   -222.18   reverse             1980LEW/WAT3495               1    221       499       7.570E+13    0.180        8089.99           1.76177e+13    2    0    0    0    0    0    1    0    0    0    0    25   
ok 2.289e+13 0.0   0.0       reverse             1980HOW/SMI40                 1    298       0         3.357E+15   -0.285        8336.955          2.28874e+13    2    0    0    0    0    0    1    0    0    0    0    0    
ok 2.650e+13 0.0   0.0       reverse             1977CAM/HAN475                1    425       0         3.886E+15    -0.285       8336.95           0.00000e+00    2    0    0    0    0    0    1    0    0    0    0    0    
ok 2.000e+13 0.0   0.0       reverse             1970WES/DEH3431-3438          1    228       340       8.255E+13    0.2311       8158.32           1.99964e+13    2    0    0    0    0    0    1    0    0    0    0    0    
ok 2.590e+13 0.0   0.0       reverse             1970BRE/GLA1082-1086          1    298       0         3.798E+15    -0.285       8336.95           2.58989e+13    2    0    0    0    0    0    1    0    0    0    0    0    
ok 1.692e+13 0.0   0.0       reverse             1968KUR/BOU477-491            1    300       0         2.481E+15   -0.285        8336.95           0.00000e+00    2    0    0    0    0    0    1    0    0    0    0    0    
ok 3.012e+13 0.0   0.0       reverse             1964KAU106-114                1    300       0        4.417E+15    -0.28         8336.96           0.00000e+00    2    0    0    0    0    0    1    0    0    0    0    0    
ok 1.102e+13 0.0   0.0       reverse             1963KAU/DEL659                1    310       0         1.616E+15    -0.285       8336.96           0.00000e+00    2    0    0    0    0    0    1    0    0    0    0    0    
ok 3.012e+13 0.0   0.0       reverse             1963CLY/THR544-558            1    265       293       4.417E+15    -0.285       8336.96           0.00000e+00    2    0    0    0    0    0    1    0    0    0    0    0    
ok 2.999e+13 0.0   0.0       reverse             1963CLY211                    1    265       293       4.398E+15    -0.285       8336.96           0.00000e+00    2    0    0    0    0    0    1    0    0    0    0    0    
ok 2.451e+14 0.0   16445.88  reverse             1998SKI/GER3828-3834          1    600       1000      6.000E+16    -0.342       16694.7           0.00000e+00    2    0    0    0    0    0    1    0    0    0    0    25   
ok 2.806e+11 0.4   -738.2    reverse             1997MIL/GAR275-287            1    250       5000      6.515E+13    5.852        8017.979          9.53253e+12    2    0    0    0    0    0    1    0    0    0    0    100  
ok 5.119e+11 0.39  -668.92   reverse             1997GER/MIL6358-6367          1    500       2000      1.789E+14    5.04         8112.18           0.00000e+00    2    0    0    0    0    0    1    0    0    0    0    100  
ok 9.070e+14 -0.58 513.63    reverse             1993KLI/BIT234-243            1    500       2000      3.170E+17    -0.97        8707.32           0.00000e+00    2    0    0    0    0    0    1    0    0    0    0    100  
ok 5.114e+12 0.0   -745.37   reverse             1991ZUE/STA347-360            1    1800      2700      8.625E+15    -0.574       8441.13           0.00000e+00    2    0    0    0    0    0    1    0    0    0    0    50   
ok 1.309e+17 -0.92 16565.33  reverse             1986MIL6170                   1    600       2500      6.610E+19    -1.356       16827.50          0.00000e+00    2    0    0    0    0    0    1    0    0    0    0    100  
ok 1.680e+13 0.0   23.89     reverse             1985COB/TRO1010-1015          1    300       2500      3.853E+15    -0.338       8406.07           0.00000e+00    2    0    0    0    0    0    1    0    0    0    0    100  
ok 1.692e+13 0.0   0.0       reverse             1985COB/HIP342                1    250       3000      3.072E+15    -0.309       8365.862          1.69246e+13    2    0    0    0    0    0    1    0    0    0    0    0    
ok 9.034e+12 0.0   0.0       reverse             1962DEL/KAU128                1    298       0         1.325E+15   -0.285        8336.96           9.03450e+12    2    0    0    0    0    0    1    0    0    0    0    0    
