Review_{Ar}         1994BAU/COB847-1033           0    353       0         4.22212e+06    0.0       0.0                 0.00000e+00    2    0    0    0    0    0    0.7  0    0    0    0    0    
Experiment_{He}     1992BEN/KNY1338-1347          1    420       500       4.04143e+15    0.0       6912.6853           0.00000e+00    2    0    0    0    0    0    0.7  0    0    0    0    25   
Review_{He}         1994BAU/COB847-1033           0    400       500       6.02300e+15    0.0       7080.9942           0.00000e+00    2    0    0    0    0    0    0.7  0    0    0    0    25   
reverse_{He}        1994BAU/COB847-1033           1    400       500       1.939E+15      0.168     7209.0              0.00000e+00    3    0    0    0    0    0    0.7  0    0    0    0    25   
Review_{N2}         1986TSA/HAM1087               0    500       2500      8.73658e+42    -8.62     11300.7377          0.00000e+00    2    0    0    0    0    0    1.0  0    0    0    0    100  
reverse_{N2}        1994BAU/COB847-1033           1    300       350       2.661E+11      0.833     5042.0              0.00000e+00    3    0    0    0    0    0    1.0  0    0    0    0    0    
reverse_{N2}        1986TSA/HAM1087               1    300       1700      3.127E+42      -8.393    11212.0             0.00000e+00    3    0    0    0    0    0    1.0  0    0    0    0    100  
fit                 fit                           1    300       2500      2.046E+32      -5.333    9276.74             0.00000e+00    2    0    0    0    0    0    1    0    0    0    0    0  
Compare             taotao                        1    300       2500      5.65000e+18    -0.97     7347.7604           0.00000e+00    2    0    0    0    0    0    1    0    0    0    0    0    
0                   henry                         1    300       2500      5.65000e+18    -0.97     7347.7604           0.00000e+00    2    0    0    0    0    0    1    0    0    0    0    0    
0                   NPU                           1    300       2500      2.046E+32      -5.333    9276.74             0.00000e+00    2    0    0    0    0    0    1    0    0    0    0    0  